 H0 depl. Rate(jt,jn) (s**-1)  Te(jt) = 10**(-1.2 + (jt-1)/10) jt= 1,60
 jn =   1; jt = 1 -> 60 going by rows   ne(jn) = 10**(10 + 0.5*(jn-1)) jn=1,15
  0.00000E+00  0.00000E+00  0.00000E+00  0.00000E+00  0.00000E+00  0.00000E+00
  0.00000E+00  0.00000E+00  0.00000E+00  0.00000E+00  0.00000E+00  0.00000E+00
  0.00000E+00  0.00000E+00  0.00000E+00  0.00000E+00  0.00000E+00  0.00000E+00
  0.00000E+00  0.00000E+00  0.00000E+00  0.00000E+00  0.00000E+00  0.00000E+00
  0.00000E+00  0.00000E+00  0.00000E+00  0.00000E+00  0.00000E+00  0.00000E+00
  0.00000E+00  0.00000E+00  0.00000E+00  0.00000E+00  0.00000E+00  0.00000E+00
  0.00000E+00  0.00000E+00  0.00000E+00  0.00000E+00  0.00000E+00  0.00000E+00
  0.00000E+00  0.00000E+00  0.00000E+00  0.00000E+00  0.00000E+00  0.00000E+00
  0.00000E+00  0.00000E+00  0.00000E+00  0.00000E+00  0.00000E+00  0.00000E+00
  0.00000E+00  0.00000E+00  0.00000E+00  0.00000E+00  0.00000E+00  0.00000E+00

 jn =   2
  0.00000E+00  0.00000E+00  0.00000E+00  0.00000E+00  0.00000E+00  0.00000E+00
  0.00000E+00  0.00000E+00  0.00000E+00  0.00000E+00  0.00000E+00  0.00000E+00
  0.00000E+00  0.00000E+00  0.00000E+00  0.00000E+00  0.00000E+00  0.00000E+00
  0.00000E+00  0.00000E+00  0.00000E+00  0.00000E+00  0.00000E+00  0.00000E+00
  0.00000E+00  0.00000E+00  0.00000E+00  0.00000E+00  0.00000E+00  0.00000E+00
  0.00000E+00  0.00000E+00  0.00000E+00  0.00000E+00  0.00000E+00  0.00000E+00
  0.00000E+00  0.00000E+00  0.00000E+00  0.00000E+00  0.00000E+00  0.00000E+00
  0.00000E+00  0.00000E+00  0.00000E+00  0.00000E+00  0.00000E+00  0.00000E+00
  0.00000E+00  0.00000E+00  0.00000E+00  0.00000E+00  0.00000E+00  0.00000E+00
  0.00000E+00  0.00000E+00  0.00000E+00  0.00000E+00  0.00000E+00  0.00000E+00

 jn =   3
  0.00000E+00  0.00000E+00  0.00000E+00  0.00000E+00  0.00000E+00  0.00000E+00
  0.00000E+00  0.00000E+00  0.00000E+00  0.00000E+00  0.00000E+00  0.00000E+00
  0.00000E+00  0.00000E+00  0.00000E+00  0.00000E+00  0.00000E+00  0.00000E+00
  0.00000E+00  0.00000E+00  0.00000E+00  0.00000E+00  0.00000E+00  0.00000E+00
  0.00000E+00  0.00000E+00  0.00000E+00  0.00000E+00  0.00000E+00  0.00000E+00
  0.00000E+00  0.00000E+00  0.00000E+00  0.00000E+00  0.00000E+00  0.00000E+00
  0.00000E+00  0.00000E+00  0.00000E+00  0.00000E+00  0.00000E+00  0.00000E+00
  0.00000E+00  0.00000E+00  0.00000E+00  0.00000E+00  0.00000E+00  0.00000E+00
  0.00000E+00  0.00000E+00  0.00000E+00  0.00000E+00  0.00000E+00  0.00000E+00
  0.00000E+00  0.00000E+00  0.00000E+00  0.00000E+00  0.00000E+00  0.00000E+00

 jn =   4
  0.00000E+00  0.00000E+00  0.00000E+00  0.00000E+00  0.00000E+00  0.00000E+00
  0.00000E+00  0.00000E+00  0.00000E+00  0.00000E+00  0.00000E+00  0.00000E+00
  0.00000E+00  0.00000E+00  0.00000E+00  0.00000E+00  0.00000E+00  0.00000E+00
  0.00000E+00  0.00000E+00  0.00000E+00  0.00000E+00  0.00000E+00  0.00000E+00
  0.00000E+00  0.00000E+00  0.00000E+00  0.00000E+00  0.00000E+00  0.00000E+00
  0.00000E+00  0.00000E+00  0.00000E+00  0.00000E+00  0.00000E+00  0.00000E+00
  0.00000E+00  0.00000E+00  0.00000E+00  0.00000E+00  0.00000E+00  0.00000E+00
  0.00000E+00  0.00000E+00  0.00000E+00  0.00000E+00  0.00000E+00  0.00000E+00
  0.00000E+00  0.00000E+00  0.00000E+00  0.00000E+00  0.00000E+00  0.00000E+00
  0.00000E+00  0.00000E+00  0.00000E+00  0.00000E+00  0.00000E+00  0.00000E+00

 jn =   5
  0.00000E+00  0.00000E+00  0.00000E+00  0.00000E+00  0.00000E+00  0.00000E+00
  0.00000E+00  0.00000E+00  0.00000E+00  0.00000E+00  0.00000E+00  0.00000E+00
  0.00000E+00  0.00000E+00  0.00000E+00  0.00000E+00  0.00000E+00  0.00000E+00
  0.00000E+00  0.00000E+00  0.00000E+00  0.00000E+00  0.00000E+00  0.00000E+00
  0.00000E+00  0.00000E+00  0.00000E+00  0.00000E+00  0.00000E+00  0.00000E+00
  0.00000E+00  0.00000E+00  0.00000E+00  0.00000E+00  0.00000E+00  0.00000E+00
  0.00000E+00  0.00000E+00  0.00000E+00  0.00000E+00  0.00000E+00  0.00000E+00
  0.00000E+00  0.00000E+00  0.00000E+00  0.00000E+00  0.00000E+00  0.00000E+00
  0.00000E+00  0.00000E+00  0.00000E+00  0.00000E+00  0.00000E+00  0.00000E+00
  0.00000E+00  0.00000E+00  0.00000E+00  0.00000E+00  0.00000E+00  0.00000E+00

 jn =   6
  0.00000E+00  0.00000E+00  0.00000E+00  0.00000E+00  0.00000E+00  0.00000E+00
  0.00000E+00  0.00000E+00  0.00000E+00  0.00000E+00  0.00000E+00  0.00000E+00
  0.00000E+00  0.00000E+00  0.00000E+00  0.00000E+00  0.00000E+00  0.00000E+00
  0.00000E+00  0.00000E+00  0.00000E+00  0.00000E+00  0.00000E+00  0.00000E+00
  0.00000E+00  0.00000E+00  0.00000E+00  0.00000E+00  0.00000E+00  0.00000E+00
  0.00000E+00  0.00000E+00  0.00000E+00  0.00000E+00  0.00000E+00  0.00000E+00
  0.00000E+00  0.00000E+00  0.00000E+00  0.00000E+00  0.00000E+00  0.00000E+00
  0.00000E+00  0.00000E+00  0.00000E+00  0.00000E+00  0.00000E+00  0.00000E+00
  0.00000E+00  0.00000E+00  0.00000E+00  0.00000E+00  0.00000E+00  0.00000E+00
  0.00000E+00  0.00000E+00  0.00000E+00  0.00000E+00  0.00000E+00  0.00000E+00

 jn =   7
  0.00000E+00  0.00000E+00  0.00000E+00  0.00000E+00  0.00000E+00  0.00000E+00
  0.00000E+00  0.00000E+00  0.00000E+00  0.00000E+00  0.00000E+00  0.00000E+00
  0.00000E+00  0.00000E+00  0.00000E+00  0.00000E+00  0.00000E+00  0.00000E+00
  0.00000E+00  0.00000E+00  0.00000E+00  0.00000E+00  0.00000E+00  0.00000E+00
  0.00000E+00  0.00000E+00  0.00000E+00  0.00000E+00  0.00000E+00  0.00000E+00
  0.00000E+00  0.00000E+00  0.00000E+00  0.00000E+00  0.00000E+00  0.00000E+00
  0.00000E+00  0.00000E+00  0.00000E+00  0.00000E+00  0.00000E+00  0.00000E+00
  0.00000E+00  0.00000E+00  0.00000E+00  0.00000E+00  0.00000E+00  0.00000E+00
  0.00000E+00  0.00000E+00  0.00000E+00  0.00000E+00  0.00000E+00  0.00000E+00
  0.00000E+00  0.00000E+00  0.00000E+00  0.00000E+00  0.00000E+00  0.00000E+00

 jn =   8
  0.00000E+00  0.00000E+00  0.00000E+00  0.00000E+00  0.00000E+00  0.00000E+00
  0.00000E+00  0.00000E+00  0.00000E+00  0.00000E+00  0.00000E+00  0.00000E+00
  0.00000E+00  0.00000E+00  0.00000E+00  0.00000E+00  0.00000E+00  0.00000E+00
  0.00000E+00  0.00000E+00  0.00000E+00  0.00000E+00  0.00000E+00  0.00000E+00
  0.00000E+00  0.00000E+00  0.00000E+00  0.00000E+00  0.00000E+00  0.00000E+00
  0.00000E+00  0.00000E+00  0.00000E+00  0.00000E+00  0.00000E+00  0.00000E+00
  0.00000E+00  0.00000E+00  0.00000E+00  0.00000E+00  0.00000E+00  0.00000E+00
  0.00000E+00  0.00000E+00  0.00000E+00  0.00000E+00  0.00000E+00  0.00000E+00
  0.00000E+00  0.00000E+00  0.00000E+00  0.00000E+00  0.00000E+00  0.00000E+00
  0.00000E+00  0.00000E+00  0.00000E+00  0.00000E+00  0.00000E+00  0.00000E+00

 jn =   9
  0.00000E+00  0.00000E+00  0.00000E+00  0.00000E+00  0.00000E+00  0.00000E+00
  0.00000E+00  0.00000E+00  0.00000E+00  0.00000E+00  0.00000E+00  0.00000E+00
  0.00000E+00  0.00000E+00  0.00000E+00  0.00000E+00  0.00000E+00  0.00000E+00
  0.00000E+00  0.00000E+00  0.00000E+00  0.00000E+00  0.00000E+00  0.00000E+00
  0.00000E+00  0.00000E+00  0.00000E+00  0.00000E+00  0.00000E+00  0.00000E+00
  0.00000E+00  0.00000E+00  0.00000E+00  0.00000E+00  0.00000E+00  0.00000E+00
  0.00000E+00  0.00000E+00  0.00000E+00  0.00000E+00  0.00000E+00  0.00000E+00
  0.00000E+00  0.00000E+00  0.00000E+00  0.00000E+00  0.00000E+00  0.00000E+00
  0.00000E+00  0.00000E+00  0.00000E+00  0.00000E+00  0.00000E+00  0.00000E+00
  0.00000E+00  0.00000E+00  0.00000E+00  0.00000E+00  0.00000E+00  0.00000E+00

 jn =   10
  0.00000E+00  0.00000E+00  0.00000E+00  0.00000E+00  0.00000E+00  0.00000E+00
  0.00000E+00  0.00000E+00  0.00000E+00  0.00000E+00  0.00000E+00  0.00000E+00
  0.00000E+00  0.00000E+00  0.00000E+00  0.00000E+00  0.00000E+00  0.00000E+00
  0.00000E+00  0.00000E+00  0.00000E+00  0.00000E+00  0.00000E+00  0.00000E+00
  0.00000E+00  0.00000E+00  0.00000E+00  0.00000E+00  0.00000E+00  0.00000E+00
  0.00000E+00  0.00000E+00  0.00000E+00  0.00000E+00  0.00000E+00  0.00000E+00
  0.00000E+00  0.00000E+00  0.00000E+00  0.00000E+00  0.00000E+00  0.00000E+00
  0.00000E+00  0.00000E+00  0.00000E+00  0.00000E+00  0.00000E+00  0.00000E+00
  0.00000E+00  0.00000E+00  0.00000E+00  0.00000E+00  0.00000E+00  0.00000E+00
  0.00000E+00  0.00000E+00  0.00000E+00  0.00000E+00  0.00000E+00  0.00000E+00

 jn =   11
  0.00000E+00  0.00000E+00  0.00000E+00  0.00000E+00  0.00000E+00  0.00000E+00
  0.00000E+00  0.00000E+00  0.00000E+00  0.00000E+00  0.00000E+00  0.00000E+00
  0.00000E+00  0.00000E+00  0.00000E+00  0.00000E+00  0.00000E+00  0.00000E+00
  0.00000E+00  0.00000E+00  0.00000E+00  0.00000E+00  0.00000E+00  0.00000E+00
  0.00000E+00  0.00000E+00  0.00000E+00  0.00000E+00  0.00000E+00  0.00000E+00
  0.00000E+00  0.00000E+00  0.00000E+00  0.00000E+00  0.00000E+00  0.00000E+00
  0.00000E+00  0.00000E+00  0.00000E+00  0.00000E+00  0.00000E+00  0.00000E+00
  0.00000E+00  0.00000E+00  0.00000E+00  0.00000E+00  0.00000E+00  0.00000E+00
  0.00000E+00  0.00000E+00  0.00000E+00  0.00000E+00  0.00000E+00  0.00000E+00
  0.00000E+00  0.00000E+00  0.00000E+00  0.00000E+00  0.00000E+00  0.00000E+00

 jn =   12
  0.00000E+00  0.00000E+00  0.00000E+00  0.00000E+00  0.00000E+00  0.00000E+00
  0.00000E+00  0.00000E+00  0.00000E+00  0.00000E+00  0.00000E+00  0.00000E+00
  0.00000E+00  0.00000E+00  0.00000E+00  0.00000E+00  0.00000E+00  0.00000E+00
  0.00000E+00  0.00000E+00  0.00000E+00  0.00000E+00  0.00000E+00  0.00000E+00
  0.00000E+00  0.00000E+00  0.00000E+00  0.00000E+00  0.00000E+00  0.00000E+00
  0.00000E+00  0.00000E+00  0.00000E+00  0.00000E+00  0.00000E+00  0.00000E+00
  0.00000E+00  0.00000E+00  0.00000E+00  0.00000E+00  0.00000E+00  0.00000E+00
  0.00000E+00  0.00000E+00  0.00000E+00  0.00000E+00  0.00000E+00  0.00000E+00
  0.00000E+00  0.00000E+00  0.00000E+00  0.00000E+00  0.00000E+00  0.00000E+00
  0.00000E+00  0.00000E+00  0.00000E+00  0.00000E+00  0.00000E+00  0.00000E+00

 jn =   13
  0.00000E+00  0.00000E+00  0.00000E+00  0.00000E+00  0.00000E+00  0.00000E+00
  0.00000E+00  0.00000E+00  0.00000E+00  0.00000E+00  0.00000E+00  0.00000E+00
  0.00000E+00  0.00000E+00  0.00000E+00  0.00000E+00  0.00000E+00  0.00000E+00
  0.00000E+00  0.00000E+00  0.00000E+00  0.00000E+00  0.00000E+00  0.00000E+00
  0.00000E+00  0.00000E+00  0.00000E+00  0.00000E+00  0.00000E+00  0.00000E+00
  0.00000E+00  0.00000E+00  0.00000E+00  0.00000E+00  0.00000E+00  0.00000E+00
  0.00000E+00  0.00000E+00  0.00000E+00  0.00000E+00  0.00000E+00  0.00000E+00
  0.00000E+00  0.00000E+00  0.00000E+00  0.00000E+00  0.00000E+00  0.00000E+00
  0.00000E+00  0.00000E+00  0.00000E+00  0.00000E+00  0.00000E+00  0.00000E+00
  0.00000E+00  0.00000E+00  0.00000E+00  0.00000E+00  0.00000E+00  0.00000E+00

 jn =   14
  0.00000E+00  0.00000E+00  0.00000E+00  0.00000E+00  0.00000E+00  0.00000E+00
  0.00000E+00  0.00000E+00  0.00000E+00  0.00000E+00  0.00000E+00  0.00000E+00
  0.00000E+00  0.00000E+00  0.00000E+00  0.00000E+00  0.00000E+00  0.00000E+00
  0.00000E+00  0.00000E+00  0.00000E+00  0.00000E+00  0.00000E+00  0.00000E+00
  0.00000E+00  0.00000E+00  0.00000E+00  0.00000E+00  0.00000E+00  0.00000E+00
  0.00000E+00  0.00000E+00  0.00000E+00  0.00000E+00  0.00000E+00  0.00000E+00
  0.00000E+00  0.00000E+00  0.00000E+00  0.00000E+00  0.00000E+00  0.00000E+00
  0.00000E+00  0.00000E+00  0.00000E+00  0.00000E+00  0.00000E+00  0.00000E+00
  0.00000E+00  0.00000E+00  0.00000E+00  0.00000E+00  0.00000E+00  0.00000E+00
  0.00000E+00  0.00000E+00  0.00000E+00  0.00000E+00  0.00000E+00  0.00000E+00

 jn =   15
  0.00000E+00  0.00000E+00  0.00000E+00  0.00000E+00  0.00000E+00  0.00000E+00
  0.00000E+00  0.00000E+00  0.00000E+00  0.00000E+00  0.00000E+00  0.00000E+00
  0.00000E+00  0.00000E+00  0.00000E+00  0.00000E+00  0.00000E+00  0.00000E+00
  0.00000E+00  0.00000E+00  0.00000E+00  0.00000E+00  0.00000E+00  0.00000E+00
  0.00000E+00  0.00000E+00  0.00000E+00  0.00000E+00  0.00000E+00  0.00000E+00
  0.00000E+00  0.00000E+00  0.00000E+00  0.00000E+00  0.00000E+00  0.00000E+00
  0.00000E+00  0.00000E+00  0.00000E+00  0.00000E+00  0.00000E+00  0.00000E+00
  0.00000E+00  0.00000E+00  0.00000E+00  0.00000E+00  0.00000E+00  0.00000E+00
  0.00000E+00  0.00000E+00  0.00000E+00  0.00000E+00  0.00000E+00  0.00000E+00
  0.00000E+00  0.00000E+00  0.00000E+00  0.00000E+00  0.00000E+00  0.00000E+00

 H2->H0 Rate(jt,jn) (s**-1)
 jn =   1
  6.91151E-02  8.70108E-02  1.09540E-01  1.37903E-01  1.73609E-01  2.18561E-01
  2.75152E-01  3.46396E-01  4.36087E-01  5.56383E-01  2.12937E+00  5.50560E+00
  1.01760E+01  1.52005E+01  2.09997E+01  3.07770E+01  5.08350E+01  8.87196E+01
  1.50563E+02  2.38888E+02  3.51735E+02  4.82045E+02  6.19559E+02  7.54324E+02
  8.78279E+02  9.86828E+02  1.07871E+03  1.15496E+03  1.21784E+03  1.26972E+03
  1.31237E+03  1.34680E+03  1.37319E+03  1.39171E+03  1.40310E+03  1.40938E+03
  1.41397E+03  1.42174E+03  1.43862E+03  1.47111E+03  1.52556E+03  1.60707E+03
  1.71801E+03  1.85657E+03  2.01567E+03  2.18298E+03  2.34241E+03  2.47711E+03
  2.57316E+03  2.62286E+03  2.62629E+03  2.59073E+03  2.52829E+03  2.45268E+03
  2.37674E+03  2.31176E+03  2.27076E+03  2.28320E+03  2.46401E+03  3.46303E+03

 jn =   2
  2.18561E-01  2.75152E-01  3.46396E-01  4.36087E-01  5.49001E-01  6.91151E-01
  8.70108E-01  1.09540E+00  1.37903E+00  1.75944E+00  6.73366E+00  1.74102E+01
  3.21793E+01  4.80683E+01  6.64068E+01  9.73255E+01  1.60754E+02  2.80556E+02
  4.76122E+02  7.55430E+02  1.11228E+03  1.52436E+03  1.95922E+03  2.38538E+03
  2.77736E+03  3.12062E+03  3.41117E+03  3.65231E+03  3.85114E+03  4.01520E+03
  4.15007E+03  4.25896E+03  4.34240E+03  4.40099E+03  4.43699E+03  4.45685E+03
  4.47138E+03  4.49594E+03  4.54931E+03  4.65204E+03  4.82426E+03  5.08200E+03
  5.43283E+03  5.87098E+03  6.37411E+03  6.90320E+03  7.40736E+03  7.83330E+03
  8.13703E+03  8.29420E+03  8.30505E+03  8.19262E+03  7.99514E+03  7.75606E+03
  7.51593E+03  7.31043E+03  7.18078E+03  7.22010E+03  7.79187E+03  1.09511E+04

 jn =   3
  6.91151E-01  8.70108E-01  1.09540E+00  1.37903E+00  1.73609E+00  2.18561E+00
  2.75152E+00  3.46396E+00  4.36087E+00  5.56383E+00  2.12937E+01  5.50560E+01
  1.01760E+02  1.52005E+02  2.09997E+02  3.07770E+02  5.08350E+02  8.87196E+02
  1.50563E+03  2.38888E+03  3.51735E+03  4.82045E+03  6.19559E+03  7.54324E+03
  8.78279E+03  9.86828E+03  1.07871E+04  1.15496E+04  1.21784E+04  1.26972E+04
  1.31237E+04  1.34680E+04  1.37319E+04  1.39171E+04  1.40310E+04  1.40938E+04
  1.41397E+04  1.42174E+04  1.43862E+04  1.47111E+04  1.52556E+04  1.60707E+04
  1.71801E+04  1.85657E+04  2.01567E+04  2.18298E+04  2.34241E+04  2.47711E+04
  2.57316E+04  2.62286E+04  2.62629E+04  2.59073E+04  2.52829E+04  2.45268E+04
  2.37674E+04  2.31176E+04  2.27076E+04  2.28320E+04  2.46401E+04  3.46303E+04

 jn =   4
  2.18561E+00  2.75152E+00  3.46396E+00  4.36087E+00  5.49001E+00  6.91151E+00
  8.70108E+00  1.09540E+01  1.37903E+01  1.75944E+01  6.73366E+01  1.74102E+02
  3.21793E+02  4.80683E+02  6.64068E+02  9.73255E+02  1.60754E+03  2.80556E+03
  4.76122E+03  7.55430E+03  1.11228E+04  1.52436E+04  1.95922E+04  2.38538E+04
  2.77736E+04  3.12062E+04  3.41117E+04  3.65231E+04  3.85114E+04  4.01520E+04
  4.15007E+04  4.25896E+04  4.34240E+04  4.40099E+04  4.43699E+04  4.45685E+04
  4.47138E+04  4.49594E+04  4.54931E+04  4.65204E+04  4.82426E+04  5.08200E+04
  5.43283E+04  5.87098E+04  6.37411E+04  6.90320E+04  7.40736E+04  7.83330E+04
  8.13703E+04  8.29420E+04  8.30505E+04  8.19262E+04  7.99514E+04  7.75606E+04
  7.51593E+04  7.31043E+04  7.18078E+04  7.22010E+04  7.79187E+04  1.09511E+05

 jn =   5
  6.91151E+00  8.70108E+00  1.09540E+01  1.37903E+01  1.73609E+01  2.18561E+01
  2.75152E+01  3.46396E+01  4.36087E+01  5.56383E+01  2.12937E+02  5.50560E+02
  1.01760E+03  1.52005E+03  2.09997E+03  3.07770E+03  5.08350E+03  8.87196E+03
  1.50563E+04  2.38888E+04  3.51735E+04  4.82045E+04  6.19559E+04  7.54324E+04
  8.78279E+04  9.86828E+04  1.07871E+05  1.15496E+05  1.21784E+05  1.26972E+05
  1.31237E+05  1.34680E+05  1.37319E+05  1.39171E+05  1.40310E+05  1.40938E+05
  1.41397E+05  1.42174E+05  1.43862E+05  1.47111E+05  1.52556E+05  1.60707E+05
  1.71801E+05  1.85657E+05  2.01567E+05  2.18298E+05  2.34241E+05  2.47711E+05
  2.57316E+05  2.62286E+05  2.62629E+05  2.59073E+05  2.52829E+05  2.45268E+05
  2.37674E+05  2.31176E+05  2.27076E+05  2.28320E+05  2.46401E+05  3.46303E+05

 jn =   6
  2.18561E+01  2.75152E+01  3.46396E+01  4.36087E+01  5.49001E+01  6.91151E+01
  8.70108E+01  1.09540E+02  1.37903E+02  1.75944E+02  6.73366E+02  1.74102E+03
  3.21793E+03  4.80683E+03  6.64068E+03  9.73255E+03  1.60754E+04  2.80556E+04
  4.76122E+04  7.55430E+04  1.11228E+05  1.52436E+05  1.95922E+05  2.38538E+05
  2.77736E+05  3.12062E+05  3.41117E+05  3.65231E+05  3.85114E+05  4.01520E+05
  4.15007E+05  4.25896E+05  4.34240E+05  4.40099E+05  4.43699E+05  4.45685E+05
  4.47138E+05  4.49594E+05  4.54931E+05  4.65204E+05  4.82426E+05  5.08200E+05
  5.43283E+05  5.87098E+05  6.37411E+05  6.90320E+05  7.40736E+05  7.83330E+05
  8.13703E+05  8.29420E+05  8.30505E+05  8.19262E+05  7.99514E+05  7.75606E+05
  7.51593E+05  7.31043E+05  7.18078E+05  7.22010E+05  7.79187E+05  1.09511E+06

 jn =   7
  6.91151E+01  8.70108E+01  1.09540E+02  1.37903E+02  1.73609E+02  2.18561E+02
  2.75152E+02  3.46396E+02  4.36087E+02  5.56383E+02  2.12937E+03  5.50560E+03
  1.01760E+04  1.52005E+04  2.09997E+04  3.07770E+04  5.08350E+04  8.87196E+04
  1.50563E+05  2.38888E+05  3.51735E+05  4.82045E+05  6.19559E+05  7.54324E+05
  8.78279E+05  9.86828E+05  1.07871E+06  1.15496E+06  1.21784E+06  1.26972E+06
  1.31237E+06  1.34680E+06  1.37319E+06  1.39171E+06  1.40310E+06  1.40938E+06
  1.41397E+06  1.42174E+06  1.43862E+06  1.47111E+06  1.52556E+06  1.60707E+06
  1.71801E+06  1.85657E+06  2.01567E+06  2.18298E+06  2.34241E+06  2.47711E+06
  2.57316E+06  2.62286E+06  2.62629E+06  2.59073E+06  2.52829E+06  2.45268E+06
  2.37674E+06  2.31176E+06  2.27076E+06  2.28320E+06  2.46401E+06  3.46303E+06

 jn =   8
  2.18561E+02  2.75152E+02  3.46396E+02  4.36087E+02  5.49001E+02  6.91151E+02
  8.70108E+02  1.09540E+03  1.37903E+03  1.75944E+03  6.73366E+03  1.74102E+04
  3.21793E+04  4.80683E+04  6.64068E+04  9.73255E+04  1.60754E+05  2.80556E+05
  4.76122E+05  7.55430E+05  1.11228E+06  1.52436E+06  1.95922E+06  2.38538E+06
  2.77736E+06  3.12062E+06  3.41117E+06  3.65231E+06  3.85114E+06  4.01520E+06
  4.15007E+06  4.25896E+06  4.34240E+06  4.40099E+06  4.43699E+06  4.45685E+06
  4.47138E+06  4.49594E+06  4.54931E+06  4.65204E+06  4.82426E+06  5.08200E+06
  5.43283E+06  5.87098E+06  6.37411E+06  6.90320E+06  7.40736E+06  7.83330E+06
  8.13703E+06  8.29420E+06  8.30505E+06  8.19262E+06  7.99514E+06  7.75606E+06
  7.51593E+06  7.31043E+06  7.18078E+06  7.22010E+06  7.79187E+06  1.09511E+07

 jn =   9
  6.91151E+02  8.70108E+02  1.09540E+03  1.37903E+03  1.73609E+03  2.18561E+03
  2.75152E+03  3.46396E+03  4.36087E+03  5.56383E+03  2.12937E+04  5.50560E+04
  1.01760E+05  1.52005E+05  2.09997E+05  3.07770E+05  5.08350E+05  8.87196E+05
  1.50563E+06  2.38888E+06  3.51735E+06  4.82045E+06  6.19559E+06  7.54324E+06
  8.78279E+06  9.86828E+06  1.07871E+07  1.15496E+07  1.21784E+07  1.26972E+07
  1.31237E+07  1.34680E+07  1.37319E+07  1.39171E+07  1.40310E+07  1.40938E+07
  1.41397E+07  1.42174E+07  1.43862E+07  1.47111E+07  1.52556E+07  1.60707E+07
  1.71801E+07  1.85657E+07  2.01567E+07  2.18298E+07  2.34241E+07  2.47711E+07
  2.57316E+07  2.62286E+07  2.62629E+07  2.59073E+07  2.52829E+07  2.45268E+07
  2.37674E+07  2.31176E+07  2.27076E+07  2.28320E+07  2.46401E+07  3.46303E+07

 jn =   10
  2.18561E+03  2.75152E+03  3.46396E+03  4.36087E+03  5.49001E+03  6.91151E+03
  8.70108E+03  1.09540E+04  1.37903E+04  1.75944E+04  6.73366E+04  1.74102E+05
  3.21793E+05  4.80683E+05  6.64068E+05  9.73255E+05  1.60754E+06  2.80556E+06
  4.76122E+06  7.55430E+06  1.11228E+07  1.52436E+07  1.95922E+07  2.38538E+07
  2.77736E+07  3.12062E+07  3.41117E+07  3.65231E+07  3.85114E+07  4.01520E+07
  4.15007E+07  4.25896E+07  4.34240E+07  4.40099E+07  4.43699E+07  4.45685E+07
  4.47138E+07  4.49594E+07  4.54931E+07  4.65204E+07  4.82426E+07  5.08200E+07
  5.43283E+07  5.87098E+07  6.37411E+07  6.90320E+07  7.40736E+07  7.83330E+07
  8.13703E+07  8.29420E+07  8.30505E+07  8.19262E+07  7.99514E+07  7.75606E+07
  7.51593E+07  7.31043E+07  7.18078E+07  7.22010E+07  7.79187E+07  1.09511E+08

 jn =   11
  6.91151E+03  8.70108E+03  1.09540E+04  1.37903E+04  1.73609E+04  2.18561E+04
  2.75152E+04  3.46396E+04  4.36087E+04  5.56383E+04  2.12937E+05  5.50560E+05
  1.01760E+06  1.52005E+06  2.09997E+06  3.07770E+06  5.08350E+06  8.87196E+06
  1.50563E+07  2.38888E+07  3.51735E+07  4.82045E+07  6.19559E+07  7.54324E+07
  8.78279E+07  9.86828E+07  1.07871E+08  1.15496E+08  1.21784E+08  1.26972E+08
  1.31237E+08  1.34680E+08  1.37319E+08  1.39171E+08  1.40310E+08  1.40938E+08
  1.41397E+08  1.42174E+08  1.43862E+08  1.47111E+08  1.52556E+08  1.60707E+08
  1.71801E+08  1.85657E+08  2.01567E+08  2.18298E+08  2.34241E+08  2.47711E+08
  2.57316E+08  2.62286E+08  2.62629E+08  2.59073E+08  2.52829E+08  2.45268E+08
  2.37674E+08  2.31176E+08  2.27076E+08  2.28320E+08  2.46401E+08  3.46303E+08

 jn =   12
  2.18561E+04  2.75152E+04  3.46396E+04  4.36087E+04  5.49001E+04  6.91151E+04
  8.70108E+04  1.09540E+05  1.37903E+05  1.75944E+05  6.73366E+05  1.74102E+06
  3.21793E+06  4.80683E+06  6.64068E+06  9.73255E+06  1.60754E+07  2.80556E+07
  4.76122E+07  7.55430E+07  1.11228E+08  1.52436E+08  1.95922E+08  2.38538E+08
  2.77736E+08  3.12062E+08  3.41117E+08  3.65231E+08  3.85114E+08  4.01520E+08
  4.15007E+08  4.25896E+08  4.34240E+08  4.40099E+08  4.43699E+08  4.45685E+08
  4.47138E+08  4.49594E+08  4.54931E+08  4.65204E+08  4.82426E+08  5.08200E+08
  5.43283E+08  5.87098E+08  6.37411E+08  6.90320E+08  7.40736E+08  7.83330E+08
  8.13703E+08  8.29420E+08  8.30505E+08  8.19262E+08  7.99514E+08  7.75606E+08
  7.51593E+08  7.31043E+08  7.18078E+08  7.22010E+08  7.79187E+08  1.09511E+09

 jn =   13
  6.91151E+04  8.70108E+04  1.09540E+05  1.37903E+05  1.73609E+05  2.18561E+05
  2.75152E+05  3.46396E+05  4.36087E+05  5.56383E+05  2.12937E+06  5.50560E+06
  1.01760E+07  1.52005E+07  2.09997E+07  3.07770E+07  5.08350E+07  8.87196E+07
  1.50563E+08  2.38888E+08  3.51735E+08  4.82045E+08  6.19559E+08  7.54324E+08
  8.78279E+08  9.86828E+08  1.07871E+09  1.15496E+09  1.21784E+09  1.26972E+09
  1.31237E+09  1.34680E+09  1.37319E+09  1.39171E+09  1.40310E+09  1.40938E+09
  1.41397E+09  1.42174E+09  1.43862E+09  1.47111E+09  1.52556E+09  1.60707E+09
  1.71801E+09  1.85657E+09  2.01567E+09  2.18298E+09  2.34241E+09  2.47711E+09
  2.57316E+09  2.62286E+09  2.62629E+09  2.59073E+09  2.52829E+09  2.45268E+09
  2.37674E+09  2.31176E+09  2.27076E+09  2.28320E+09  2.46401E+09  3.46303E+09

 jn =   14
  2.18561E+05  2.75152E+05  3.46396E+05  4.36087E+05  5.49001E+05  6.91151E+05
  8.70108E+05  1.09540E+06  1.37903E+06  1.75944E+06  6.73366E+06  1.74102E+07
  3.21793E+07  4.80683E+07  6.64068E+07  9.73255E+07  1.60754E+08  2.80556E+08
  4.76122E+08  7.55430E+08  1.11228E+09  1.52436E+09  1.95922E+09  2.38538E+09
  2.77736E+09  3.12062E+09  3.41117E+09  3.65231E+09  3.85114E+09  4.01520E+09
  4.15007E+09  4.25896E+09  4.34240E+09  4.40099E+09  4.43699E+09  4.45685E+09
  4.47138E+09  4.49594E+09  4.54931E+09  4.65204E+09  4.82426E+09  5.08200E+09
  5.43283E+09  5.87098E+09  6.37411E+09  6.90320E+09  7.40736E+09  7.83330E+09
  8.13703E+09  8.29420E+09  8.30505E+09  8.19262E+09  7.99514E+09  7.75606E+09
  7.51593E+09  7.31043E+09  7.18078E+09  7.22010E+09  7.79187E+09  1.09511E+10

 jn =   15
  6.91151E+05  8.70108E+05  1.09540E+06  1.37903E+06  1.73609E+06  2.18561E+06
  2.75152E+06  3.46396E+06  4.36087E+06  5.56383E+06  2.12937E+07  5.50560E+07
  1.01760E+08  1.52005E+08  2.09997E+08  3.07770E+08  5.08350E+08  8.87196E+08
  1.50563E+09  2.38888E+09  3.51735E+09  4.82045E+09  6.19559E+09  7.54324E+09
  8.78279E+09  9.86828E+09  1.07871E+10  1.15496E+10  1.21784E+10  1.26972E+10
  1.31237E+10  1.34680E+10  1.37319E+10  1.39171E+10  1.40310E+10  1.40938E+10
  1.41397E+10  1.42174E+10  1.43862E+10  1.47111E+10  1.52556E+10  1.60707E+10
  1.71801E+10  1.85657E+10  2.01567E+10  2.18298E+10  2.34241E+10  2.47711E+10
  2.57316E+10  2.62286E+10  2.62629E+10  2.59073E+10  2.52829E+10  2.45268E+10
  2.37674E+10  2.31176E+10  2.27076E+10  2.28320E+10  2.46401E+10  3.46303E+10

 H2 depl. Rate(jt,jn) (s**-1)
 jn =   1
 -2.33346E-02 -2.93765E-02 -3.69828E-02 -4.65586E-02 -5.86138E-02 -7.37904E-02
 -9.28966E-02 -1.16950E-01 -1.47231E-01 -1.87860E-01 -7.27332E-01 -1.92609E+00
 -3.70525E+00 -5.84782E+00 -8.66299E+00 -1.37205E+01 -2.41252E+01 -4.37085E+01
 -7.59032E+01 -1.22819E+02 -1.84747E+02 -2.59573E+02 -3.43297E+02 -4.31413E+02
 -5.19493E+02 -6.04024E+02 -6.82557E+02 -7.53503E+02 -8.15863E+02 -8.68987E+02
 -9.12411E+02 -9.45926E+02 -9.69535E+02 -9.83738E+02 -9.89559E+02 -9.88747E+02
 -9.83730E+02 -9.77635E+02 -9.74134E+02 -9.77190E+02 -9.90681E+02 -1.01779E+03
 -1.06027E+03 -1.11767E+03 -1.18686E+03 -1.26202E+03 -1.33543E+03 -1.39902E+03
 -1.44622E+03 -1.47354E+03 -1.48132E+03 -1.47336E+03 -1.45554E+03 -1.43423E+03
 -1.41498E+03 -1.40242E+03 -1.40224E+03 -1.42878E+03 -1.53966E+03 -2.06194E+03

 jn =   2
 -7.37904E-02 -9.28966E-02 -1.16950E-01 -1.47231E-01 -1.85353E-01 -2.33346E-01
 -2.93765E-01 -3.69828E-01 -4.65586E-01 -5.94067E-01 -2.30003E+00 -6.09084E+00
 -1.17170E+01 -1.84924E+01 -2.73948E+01 -4.33881E+01 -7.62905E+01 -1.38219E+02
 -2.40027E+02 -3.88387E+02 -5.84223E+02 -8.20841E+02 -1.08560E+03 -1.36425E+03
 -1.64278E+03 -1.91009E+03 -2.15844E+03 -2.38278E+03 -2.57999E+03 -2.74798E+03
 -2.88530E+03 -2.99128E+03 -3.06594E+03 -3.11085E+03 -3.12926E+03 -3.12669E+03
 -3.11083E+03 -3.09155E+03 -3.08048E+03 -3.09015E+03 -3.13281E+03 -3.21853E+03
 -3.35286E+03 -3.53439E+03 -3.75319E+03 -3.99085E+03 -4.22299E+03 -4.42409E+03
 -4.57334E+03 -4.65973E+03 -4.68435E+03 -4.65917E+03 -4.60283E+03 -4.53544E+03
 -4.47456E+03 -4.43484E+03 -4.43427E+03 -4.51819E+03 -4.86882E+03 -6.52043E+03

 jn =   3
 -2.33346E-01 -2.93765E-01 -3.69828E-01 -4.65586E-01 -5.86138E-01 -7.37904E-01
 -9.28966E-01 -1.16950E+00 -1.47231E+00 -1.87860E+00 -7.27332E+00 -1.92609E+01
 -3.70525E+01 -5.84782E+01 -8.66299E+01 -1.37205E+02 -2.41252E+02 -4.37085E+02
 -7.59032E+02 -1.22819E+03 -1.84747E+03 -2.59573E+03 -3.43297E+03 -4.31413E+03
 -5.19493E+03 -6.04024E+03 -6.82557E+03 -7.53503E+03 -8.15863E+03 -8.68987E+03
 -9.12411E+03 -9.45926E+03 -9.69535E+03 -9.83738E+03 -9.89559E+03 -9.88747E+03
 -9.83730E+03 -9.77635E+03 -9.74134E+03 -9.77190E+03 -9.90681E+03 -1.01779E+04
 -1.06027E+04 -1.11767E+04 -1.18686E+04 -1.26202E+04 -1.33543E+04 -1.39902E+04
 -1.44622E+04 -1.47354E+04 -1.48132E+04 -1.47336E+04 -1.45554E+04 -1.43423E+04
 -1.41498E+04 -1.40242E+04 -1.40224E+04 -1.42878E+04 -1.53966E+04 -2.06194E+04

 jn =   4
 -7.37904E-01 -9.28966E-01 -1.16950E+00 -1.47231E+00 -1.85353E+00 -2.33346E+00
 -2.93765E+00 -3.69828E+00 -4.65586E+00 -5.94067E+00 -2.30003E+01 -6.09084E+01
 -1.17170E+02 -1.84924E+02 -2.73948E+02 -4.33881E+02 -7.62905E+02 -1.38219E+03
 -2.40027E+03 -3.88387E+03 -5.84223E+03 -8.20841E+03 -1.08560E+04 -1.36425E+04
 -1.64278E+04 -1.91009E+04 -2.15844E+04 -2.38278E+04 -2.57999E+04 -2.74798E+04
 -2.88530E+04 -2.99128E+04 -3.06594E+04 -3.11085E+04 -3.12926E+04 -3.12669E+04
 -3.11083E+04 -3.09155E+04 -3.08048E+04 -3.09015E+04 -3.13281E+04 -3.21853E+04
 -3.35286E+04 -3.53439E+04 -3.75319E+04 -3.99085E+04 -4.22299E+04 -4.42409E+04
 -4.57334E+04 -4.65973E+04 -4.68435E+04 -4.65917E+04 -4.60283E+04 -4.53544E+04
 -4.47456E+04 -4.43484E+04 -4.43427E+04 -4.51819E+04 -4.86882E+04 -6.52043E+04

 jn =   5
 -2.33346E+00 -2.93765E+00 -3.69828E+00 -4.65586E+00 -5.86138E+00 -7.37904E+00
 -9.28966E+00 -1.16950E+01 -1.47231E+01 -1.87860E+01 -7.27332E+01 -1.92609E+02
 -3.70525E+02 -5.84782E+02 -8.66299E+02 -1.37205E+03 -2.41252E+03 -4.37085E+03
 -7.59032E+03 -1.22819E+04 -1.84747E+04 -2.59573E+04 -3.43297E+04 -4.31413E+04
 -5.19493E+04 -6.04024E+04 -6.82557E+04 -7.53503E+04 -8.15863E+04 -8.68987E+04
 -9.12411E+04 -9.45926E+04 -9.69535E+04 -9.83738E+04 -9.89559E+04 -9.88747E+04
 -9.83730E+04 -9.77635E+04 -9.74134E+04 -9.77190E+04 -9.90681E+04 -1.01779E+05
 -1.06027E+05 -1.11767E+05 -1.18686E+05 -1.26202E+05 -1.33543E+05 -1.39902E+05
 -1.44622E+05 -1.47354E+05 -1.48132E+05 -1.47336E+05 -1.45554E+05 -1.43423E+05
 -1.41498E+05 -1.40242E+05 -1.40224E+05 -1.42878E+05 -1.53966E+05 -2.06194E+05

 jn =   6
 -7.37904E+00 -9.28966E+00 -1.16950E+01 -1.47231E+01 -1.85353E+01 -2.33346E+01
 -2.93765E+01 -3.69828E+01 -4.65586E+01 -5.94067E+01 -2.30003E+02 -6.09084E+02
 -1.17170E+03 -1.84924E+03 -2.73948E+03 -4.33881E+03 -7.62905E+03 -1.38219E+04
 -2.40027E+04 -3.88387E+04 -5.84223E+04 -8.20841E+04 -1.08560E+05 -1.36425E+05
 -1.64278E+05 -1.91009E+05 -2.15844E+05 -2.38278E+05 -2.57999E+05 -2.74798E+05
 -2.88530E+05 -2.99128E+05 -3.06594E+05 -3.11085E+05 -3.12926E+05 -3.12669E+05
 -3.11083E+05 -3.09155E+05 -3.08048E+05 -3.09015E+05 -3.13281E+05 -3.21853E+05
 -3.35286E+05 -3.53439E+05 -3.75319E+05 -3.99085E+05 -4.22299E+05 -4.42409E+05
 -4.57334E+05 -4.65973E+05 -4.68435E+05 -4.65917E+05 -4.60283E+05 -4.53544E+05
 -4.47456E+05 -4.43484E+05 -4.43427E+05 -4.51819E+05 -4.86882E+05 -6.52043E+05

 jn =   7
 -2.33346E+01 -2.93765E+01 -3.69828E+01 -4.65586E+01 -5.86138E+01 -7.37904E+01
 -9.28966E+01 -1.16950E+02 -1.47231E+02 -1.87860E+02 -7.27332E+02 -1.92609E+03
 -3.70525E+03 -5.84782E+03 -8.66299E+03 -1.37205E+04 -2.41252E+04 -4.37085E+04
 -7.59032E+04 -1.22819E+05 -1.84747E+05 -2.59573E+05 -3.43297E+05 -4.31413E+05
 -5.19493E+05 -6.04024E+05 -6.82557E+05 -7.53503E+05 -8.15863E+05 -8.68987E+05
 -9.12411E+05 -9.45926E+05 -9.69535E+05 -9.83738E+05 -9.89559E+05 -9.88747E+05
 -9.83730E+05 -9.77635E+05 -9.74134E+05 -9.77190E+05 -9.90681E+05 -1.01779E+06
 -1.06027E+06 -1.11767E+06 -1.18686E+06 -1.26202E+06 -1.33543E+06 -1.39902E+06
 -1.44622E+06 -1.47354E+06 -1.48132E+06 -1.47336E+06 -1.45554E+06 -1.43423E+06
 -1.41498E+06 -1.40242E+06 -1.40224E+06 -1.42878E+06 -1.53966E+06 -2.06194E+06

 jn =   8
 -7.37904E+01 -9.28966E+01 -1.16950E+02 -1.47231E+02 -1.85353E+02 -2.33346E+02
 -2.93765E+02 -3.69828E+02 -4.65586E+02 -5.94067E+02 -2.30003E+03 -6.09084E+03
 -1.17170E+04 -1.84924E+04 -2.73948E+04 -4.33881E+04 -7.62905E+04 -1.38219E+05
 -2.40027E+05 -3.88387E+05 -5.84223E+05 -8.20841E+05 -1.08560E+06 -1.36425E+06
 -1.64278E+06 -1.91009E+06 -2.15844E+06 -2.38278E+06 -2.57999E+06 -2.74798E+06
 -2.88530E+06 -2.99128E+06 -3.06594E+06 -3.11085E+06 -3.12926E+06 -3.12669E+06
 -3.11083E+06 -3.09155E+06 -3.08048E+06 -3.09015E+06 -3.13281E+06 -3.21853E+06
 -3.35286E+06 -3.53439E+06 -3.75319E+06 -3.99085E+06 -4.22299E+06 -4.42409E+06
 -4.57334E+06 -4.65973E+06 -4.68435E+06 -4.65917E+06 -4.60283E+06 -4.53544E+06
 -4.47456E+06 -4.43484E+06 -4.43427E+06 -4.51819E+06 -4.86882E+06 -6.52043E+06

 jn =   9
 -2.33346E+02 -2.93765E+02 -3.69828E+02 -4.65586E+02 -5.86138E+02 -7.37904E+02
 -9.28966E+02 -1.16950E+03 -1.47231E+03 -1.87860E+03 -7.27332E+03 -1.92609E+04
 -3.70525E+04 -5.84782E+04 -8.66299E+04 -1.37205E+05 -2.41252E+05 -4.37085E+05
 -7.59032E+05 -1.22819E+06 -1.84747E+06 -2.59573E+06 -3.43297E+06 -4.31413E+06
 -5.19493E+06 -6.04024E+06 -6.82557E+06 -7.53503E+06 -8.15863E+06 -8.68987E+06
 -9.12411E+06 -9.45926E+06 -9.69535E+06 -9.83738E+06 -9.89559E+06 -9.88747E+06
 -9.83730E+06 -9.77635E+06 -9.74134E+06 -9.77190E+06 -9.90681E+06 -1.01779E+07
 -1.06027E+07 -1.11767E+07 -1.18686E+07 -1.26202E+07 -1.33543E+07 -1.39902E+07
 -1.44622E+07 -1.47354E+07 -1.48132E+07 -1.47336E+07 -1.45554E+07 -1.43423E+07
 -1.41498E+07 -1.40242E+07 -1.40224E+07 -1.42878E+07 -1.53966E+07 -2.06194E+07

 jn =   10
 -7.37904E+02 -9.28966E+02 -1.16950E+03 -1.47231E+03 -1.85353E+03 -2.33346E+03
 -2.93765E+03 -3.69828E+03 -4.65586E+03 -5.94067E+03 -2.30003E+04 -6.09084E+04
 -1.17170E+05 -1.84924E+05 -2.73948E+05 -4.33881E+05 -7.62905E+05 -1.38219E+06
 -2.40027E+06 -3.88387E+06 -5.84223E+06 -8.20841E+06 -1.08560E+07 -1.36425E+07
 -1.64278E+07 -1.91009E+07 -2.15844E+07 -2.38278E+07 -2.57999E+07 -2.74798E+07
 -2.88530E+07 -2.99128E+07 -3.06594E+07 -3.11085E+07 -3.12926E+07 -3.12669E+07
 -3.11083E+07 -3.09155E+07 -3.08048E+07 -3.09015E+07 -3.13281E+07 -3.21853E+07
 -3.35286E+07 -3.53439E+07 -3.75319E+07 -3.99085E+07 -4.22299E+07 -4.42409E+07
 -4.57334E+07 -4.65973E+07 -4.68435E+07 -4.65917E+07 -4.60283E+07 -4.53544E+07
 -4.47456E+07 -4.43484E+07 -4.43427E+07 -4.51819E+07 -4.86882E+07 -6.52043E+07

 jn =   11
 -2.33346E+03 -2.93765E+03 -3.69828E+03 -4.65586E+03 -5.86138E+03 -7.37904E+03
 -9.28966E+03 -1.16950E+04 -1.47231E+04 -1.87860E+04 -7.27332E+04 -1.92609E+05
 -3.70525E+05 -5.84782E+05 -8.66299E+05 -1.37205E+06 -2.41252E+06 -4.37085E+06
 -7.59032E+06 -1.22819E+07 -1.84747E+07 -2.59573E+07 -3.43297E+07 -4.31413E+07
 -5.19493E+07 -6.04024E+07 -6.82557E+07 -7.53503E+07 -8.15863E+07 -8.68987E+07
 -9.12411E+07 -9.45926E+07 -9.69535E+07 -9.83738E+07 -9.89559E+07 -9.88747E+07
 -9.83730E+07 -9.77635E+07 -9.74134E+07 -9.77190E+07 -9.90681E+07 -1.01779E+08
 -1.06027E+08 -1.11767E+08 -1.18686E+08 -1.26202E+08 -1.33543E+08 -1.39902E+08
 -1.44622E+08 -1.47354E+08 -1.48132E+08 -1.47336E+08 -1.45554E+08 -1.43423E+08
 -1.41498E+08 -1.40242E+08 -1.40224E+08 -1.42878E+08 -1.53966E+08 -2.06194E+08

 jn =   12
 -7.37904E+03 -9.28966E+03 -1.16950E+04 -1.47231E+04 -1.85353E+04 -2.33346E+04
 -2.93765E+04 -3.69828E+04 -4.65586E+04 -5.94067E+04 -2.30003E+05 -6.09084E+05
 -1.17170E+06 -1.84924E+06 -2.73948E+06 -4.33881E+06 -7.62905E+06 -1.38219E+07
 -2.40027E+07 -3.88387E+07 -5.84223E+07 -8.20841E+07 -1.08560E+08 -1.36425E+08
 -1.64278E+08 -1.91009E+08 -2.15844E+08 -2.38278E+08 -2.57999E+08 -2.74798E+08
 -2.88530E+08 -2.99128E+08 -3.06594E+08 -3.11085E+08 -3.12926E+08 -3.12669E+08
 -3.11083E+08 -3.09155E+08 -3.08048E+08 -3.09015E+08 -3.13281E+08 -3.21853E+08
 -3.35286E+08 -3.53439E+08 -3.75319E+08 -3.99085E+08 -4.22299E+08 -4.42409E+08
 -4.57334E+08 -4.65973E+08 -4.68435E+08 -4.65917E+08 -4.60283E+08 -4.53544E+08
 -4.47456E+08 -4.43484E+08 -4.43427E+08 -4.51819E+08 -4.86882E+08 -6.52043E+08

 jn =   13
 -2.33346E+04 -2.93765E+04 -3.69828E+04 -4.65586E+04 -5.86138E+04 -7.37904E+04
 -9.28966E+04 -1.16950E+05 -1.47231E+05 -1.87860E+05 -7.27332E+05 -1.92609E+06
 -3.70525E+06 -5.84782E+06 -8.66299E+06 -1.37205E+07 -2.41252E+07 -4.37085E+07
 -7.59032E+07 -1.22819E+08 -1.84747E+08 -2.59573E+08 -3.43297E+08 -4.31413E+08
 -5.19493E+08 -6.04024E+08 -6.82557E+08 -7.53503E+08 -8.15863E+08 -8.68987E+08
 -9.12411E+08 -9.45926E+08 -9.69535E+08 -9.83738E+08 -9.89559E+08 -9.88747E+08
 -9.83730E+08 -9.77635E+08 -9.74134E+08 -9.77190E+08 -9.90681E+08 -1.01779E+09
 -1.06027E+09 -1.11767E+09 -1.18686E+09 -1.26202E+09 -1.33543E+09 -1.39902E+09
 -1.44622E+09 -1.47354E+09 -1.48132E+09 -1.47336E+09 -1.45554E+09 -1.43423E+09
 -1.41498E+09 -1.40242E+09 -1.40224E+09 -1.42878E+09 -1.53966E+09 -2.06194E+09

 jn =   14
 -7.37904E+04 -9.28966E+04 -1.16950E+05 -1.47231E+05 -1.85353E+05 -2.33346E+05
 -2.93765E+05 -3.69828E+05 -4.65586E+05 -5.94067E+05 -2.30003E+06 -6.09084E+06
 -1.17170E+07 -1.84924E+07 -2.73948E+07 -4.33881E+07 -7.62905E+07 -1.38219E+08
 -2.40027E+08 -3.88387E+08 -5.84223E+08 -8.20841E+08 -1.08560E+09 -1.36425E+09
 -1.64278E+09 -1.91009E+09 -2.15844E+09 -2.38278E+09 -2.57999E+09 -2.74798E+09
 -2.88530E+09 -2.99128E+09 -3.06594E+09 -3.11085E+09 -3.12926E+09 -3.12669E+09
 -3.11083E+09 -3.09155E+09 -3.08048E+09 -3.09015E+09 -3.13281E+09 -3.21853E+09
 -3.35286E+09 -3.53439E+09 -3.75319E+09 -3.99085E+09 -4.22299E+09 -4.42409E+09
 -4.57334E+09 -4.65973E+09 -4.68435E+09 -4.65917E+09 -4.60283E+09 -4.53544E+09
 -4.47456E+09 -4.43484E+09 -4.43427E+09 -4.51819E+09 -4.86882E+09 -6.52043E+09

 jn =   15
 -2.33346E+05 -2.93765E+05 -3.69828E+05 -4.65586E+05 -5.86138E+05 -7.37904E+05
 -9.28966E+05 -1.16950E+06 -1.47231E+06 -1.87860E+06 -7.27332E+06 -1.92609E+07
 -3.70525E+07 -5.84782E+07 -8.66299E+07 -1.37205E+08 -2.41252E+08 -4.37085E+08
 -7.59032E+08 -1.22819E+09 -1.84747E+09 -2.59573E+09 -3.43297E+09 -4.31413E+09
 -5.19493E+09 -6.04024E+09 -6.82557E+09 -7.53503E+09 -8.15863E+09 -8.68987E+09
 -9.12411E+09 -9.45926E+09 -9.69535E+09 -9.83738E+09 -9.89559E+09 -9.88747E+09
 -9.83730E+09 -9.77635E+09 -9.74134E+09 -9.77190E+09 -9.90681E+09 -1.01779E+10
 -1.06027E+10 -1.11767E+10 -1.18686E+10 -1.26202E+10 -1.33543E+10 -1.39902E+10
 -1.44622E+10 -1.47354E+10 -1.48132E+10 -1.47336E+10 -1.45554E+10 -1.43423E+10
 -1.41498E+10 -1.40242E+10 -1.40224E+10 -1.42878E+10 -1.53966E+10 -2.06194E+10

 H2 creation Rate(jt,jn) (s**-1)
 jn =   1
  0.00000E+00  0.00000E+00  0.00000E+00  0.00000E+00  0.00000E+00  0.00000E+00
  0.00000E+00  0.00000E+00  0.00000E+00  0.00000E+00  0.00000E+00  0.00000E+00
  0.00000E+00  0.00000E+00  0.00000E+00  0.00000E+00  0.00000E+00  0.00000E+00
  0.00000E+00  0.00000E+00  0.00000E+00  0.00000E+00  0.00000E+00  0.00000E+00
  0.00000E+00  0.00000E+00  0.00000E+00  0.00000E+00  0.00000E+00  0.00000E+00
  0.00000E+00  0.00000E+00  0.00000E+00  0.00000E+00  0.00000E+00  0.00000E+00
  0.00000E+00  0.00000E+00  0.00000E+00  0.00000E+00  0.00000E+00  0.00000E+00
  0.00000E+00  0.00000E+00  0.00000E+00  0.00000E+00  0.00000E+00  0.00000E+00
  0.00000E+00  0.00000E+00  0.00000E+00  0.00000E+00  0.00000E+00  0.00000E+00
  0.00000E+00  0.00000E+00  0.00000E+00  0.00000E+00  0.00000E+00  0.00000E+00

 jn =   2
  0.00000E+00  0.00000E+00  0.00000E+00  0.00000E+00  0.00000E+00  0.00000E+00
  0.00000E+00  0.00000E+00  0.00000E+00  0.00000E+00  0.00000E+00  0.00000E+00
  0.00000E+00  0.00000E+00  0.00000E+00  0.00000E+00  0.00000E+00  0.00000E+00
  0.00000E+00  0.00000E+00  0.00000E+00  0.00000E+00  0.00000E+00  0.00000E+00
  0.00000E+00  0.00000E+00  0.00000E+00  0.00000E+00  0.00000E+00  0.00000E+00
  0.00000E+00  0.00000E+00  0.00000E+00  0.00000E+00  0.00000E+00  0.00000E+00
  0.00000E+00  0.00000E+00  0.00000E+00  0.00000E+00  0.00000E+00  0.00000E+00
  0.00000E+00  0.00000E+00  0.00000E+00  0.00000E+00  0.00000E+00  0.00000E+00
  0.00000E+00  0.00000E+00  0.00000E+00  0.00000E+00  0.00000E+00  0.00000E+00
  0.00000E+00  0.00000E+00  0.00000E+00  0.00000E+00  0.00000E+00  0.00000E+00

 jn =   3
  0.00000E+00  0.00000E+00  0.00000E+00  0.00000E+00  0.00000E+00  0.00000E+00
  0.00000E+00  0.00000E+00  0.00000E+00  0.00000E+00  0.00000E+00  0.00000E+00
  0.00000E+00  0.00000E+00  0.00000E+00  0.00000E+00  0.00000E+00  0.00000E+00
  0.00000E+00  0.00000E+00  0.00000E+00  0.00000E+00  0.00000E+00  0.00000E+00
  0.00000E+00  0.00000E+00  0.00000E+00  0.00000E+00  0.00000E+00  0.00000E+00
  0.00000E+00  0.00000E+00  0.00000E+00  0.00000E+00  0.00000E+00  0.00000E+00
  0.00000E+00  0.00000E+00  0.00000E+00  0.00000E+00  0.00000E+00  0.00000E+00
  0.00000E+00  0.00000E+00  0.00000E+00  0.00000E+00  0.00000E+00  0.00000E+00
  0.00000E+00  0.00000E+00  0.00000E+00  0.00000E+00  0.00000E+00  0.00000E+00
  0.00000E+00  0.00000E+00  0.00000E+00  0.00000E+00  0.00000E+00  0.00000E+00

 jn =   4
  0.00000E+00  0.00000E+00  0.00000E+00  0.00000E+00  0.00000E+00  0.00000E+00
  0.00000E+00  0.00000E+00  0.00000E+00  0.00000E+00  0.00000E+00  0.00000E+00
  0.00000E+00  0.00000E+00  0.00000E+00  0.00000E+00  0.00000E+00  0.00000E+00
  0.00000E+00  0.00000E+00  0.00000E+00  0.00000E+00  0.00000E+00  0.00000E+00
  0.00000E+00  0.00000E+00  0.00000E+00  0.00000E+00  0.00000E+00  0.00000E+00
  0.00000E+00  0.00000E+00  0.00000E+00  0.00000E+00  0.00000E+00  0.00000E+00
  0.00000E+00  0.00000E+00  0.00000E+00  0.00000E+00  0.00000E+00  0.00000E+00
  0.00000E+00  0.00000E+00  0.00000E+00  0.00000E+00  0.00000E+00  0.00000E+00
  0.00000E+00  0.00000E+00  0.00000E+00  0.00000E+00  0.00000E+00  0.00000E+00
  0.00000E+00  0.00000E+00  0.00000E+00  0.00000E+00  0.00000E+00  0.00000E+00

 jn =   5
  0.00000E+00  0.00000E+00  0.00000E+00  0.00000E+00  0.00000E+00  0.00000E+00
  0.00000E+00  0.00000E+00  0.00000E+00  0.00000E+00  0.00000E+00  0.00000E+00
  0.00000E+00  0.00000E+00  0.00000E+00  0.00000E+00  0.00000E+00  0.00000E+00
  0.00000E+00  0.00000E+00  0.00000E+00  0.00000E+00  0.00000E+00  0.00000E+00
  0.00000E+00  0.00000E+00  0.00000E+00  0.00000E+00  0.00000E+00  0.00000E+00
  0.00000E+00  0.00000E+00  0.00000E+00  0.00000E+00  0.00000E+00  0.00000E+00
  0.00000E+00  0.00000E+00  0.00000E+00  0.00000E+00  0.00000E+00  0.00000E+00
  0.00000E+00  0.00000E+00  0.00000E+00  0.00000E+00  0.00000E+00  0.00000E+00
  0.00000E+00  0.00000E+00  0.00000E+00  0.00000E+00  0.00000E+00  0.00000E+00
  0.00000E+00  0.00000E+00  0.00000E+00  0.00000E+00  0.00000E+00  0.00000E+00

 jn =   6
  0.00000E+00  0.00000E+00  0.00000E+00  0.00000E+00  0.00000E+00  0.00000E+00
  0.00000E+00  0.00000E+00  0.00000E+00  0.00000E+00  0.00000E+00  0.00000E+00
  0.00000E+00  0.00000E+00  0.00000E+00  0.00000E+00  0.00000E+00  0.00000E+00
  0.00000E+00  0.00000E+00  0.00000E+00  0.00000E+00  0.00000E+00  0.00000E+00
  0.00000E+00  0.00000E+00  0.00000E+00  0.00000E+00  0.00000E+00  0.00000E+00
  0.00000E+00  0.00000E+00  0.00000E+00  0.00000E+00  0.00000E+00  0.00000E+00
  0.00000E+00  0.00000E+00  0.00000E+00  0.00000E+00  0.00000E+00  0.00000E+00
  0.00000E+00  0.00000E+00  0.00000E+00  0.00000E+00  0.00000E+00  0.00000E+00
  0.00000E+00  0.00000E+00  0.00000E+00  0.00000E+00  0.00000E+00  0.00000E+00
  0.00000E+00  0.00000E+00  0.00000E+00  0.00000E+00  0.00000E+00  0.00000E+00

 jn =   7
  0.00000E+00  0.00000E+00  0.00000E+00  0.00000E+00  0.00000E+00  0.00000E+00
  0.00000E+00  0.00000E+00  0.00000E+00  0.00000E+00  0.00000E+00  0.00000E+00
  0.00000E+00  0.00000E+00  0.00000E+00  0.00000E+00  0.00000E+00  0.00000E+00
  0.00000E+00  0.00000E+00  0.00000E+00  0.00000E+00  0.00000E+00  0.00000E+00
  0.00000E+00  0.00000E+00  0.00000E+00  0.00000E+00  0.00000E+00  0.00000E+00
  0.00000E+00  0.00000E+00  0.00000E+00  0.00000E+00  0.00000E+00  0.00000E+00
  0.00000E+00  0.00000E+00  0.00000E+00  0.00000E+00  0.00000E+00  0.00000E+00
  0.00000E+00  0.00000E+00  0.00000E+00  0.00000E+00  0.00000E+00  0.00000E+00
  0.00000E+00  0.00000E+00  0.00000E+00  0.00000E+00  0.00000E+00  0.00000E+00
  0.00000E+00  0.00000E+00  0.00000E+00  0.00000E+00  0.00000E+00  0.00000E+00

 jn =   8
  0.00000E+00  0.00000E+00  0.00000E+00  0.00000E+00  0.00000E+00  0.00000E+00
  0.00000E+00  0.00000E+00  0.00000E+00  0.00000E+00  0.00000E+00  0.00000E+00
  0.00000E+00  0.00000E+00  0.00000E+00  0.00000E+00  0.00000E+00  0.00000E+00
  0.00000E+00  0.00000E+00  0.00000E+00  0.00000E+00  0.00000E+00  0.00000E+00
  0.00000E+00  0.00000E+00  0.00000E+00  0.00000E+00  0.00000E+00  0.00000E+00
  0.00000E+00  0.00000E+00  0.00000E+00  0.00000E+00  0.00000E+00  0.00000E+00
  0.00000E+00  0.00000E+00  0.00000E+00  0.00000E+00  0.00000E+00  0.00000E+00
  0.00000E+00  0.00000E+00  0.00000E+00  0.00000E+00  0.00000E+00  0.00000E+00
  0.00000E+00  0.00000E+00  0.00000E+00  0.00000E+00  0.00000E+00  0.00000E+00
  0.00000E+00  0.00000E+00  0.00000E+00  0.00000E+00  0.00000E+00  0.00000E+00

 jn =   9
  0.00000E+00  0.00000E+00  0.00000E+00  0.00000E+00  0.00000E+00  0.00000E+00
  0.00000E+00  0.00000E+00  0.00000E+00  0.00000E+00  0.00000E+00  0.00000E+00
  0.00000E+00  0.00000E+00  0.00000E+00  0.00000E+00  0.00000E+00  0.00000E+00
  0.00000E+00  0.00000E+00  0.00000E+00  0.00000E+00  0.00000E+00  0.00000E+00
  0.00000E+00  0.00000E+00  0.00000E+00  0.00000E+00  0.00000E+00  0.00000E+00
  0.00000E+00  0.00000E+00  0.00000E+00  0.00000E+00  0.00000E+00  0.00000E+00
  0.00000E+00  0.00000E+00  0.00000E+00  0.00000E+00  0.00000E+00  0.00000E+00
  0.00000E+00  0.00000E+00  0.00000E+00  0.00000E+00  0.00000E+00  0.00000E+00
  0.00000E+00  0.00000E+00  0.00000E+00  0.00000E+00  0.00000E+00  0.00000E+00
  0.00000E+00  0.00000E+00  0.00000E+00  0.00000E+00  0.00000E+00  0.00000E+00

 jn =   10
  0.00000E+00  0.00000E+00  0.00000E+00  0.00000E+00  0.00000E+00  0.00000E+00
  0.00000E+00  0.00000E+00  0.00000E+00  0.00000E+00  0.00000E+00  0.00000E+00
  0.00000E+00  0.00000E+00  0.00000E+00  0.00000E+00  0.00000E+00  0.00000E+00
  0.00000E+00  0.00000E+00  0.00000E+00  0.00000E+00  0.00000E+00  0.00000E+00
  0.00000E+00  0.00000E+00  0.00000E+00  0.00000E+00  0.00000E+00  0.00000E+00
  0.00000E+00  0.00000E+00  0.00000E+00  0.00000E+00  0.00000E+00  0.00000E+00
  0.00000E+00  0.00000E+00  0.00000E+00  0.00000E+00  0.00000E+00  0.00000E+00
  0.00000E+00  0.00000E+00  0.00000E+00  0.00000E+00  0.00000E+00  0.00000E+00
  0.00000E+00  0.00000E+00  0.00000E+00  0.00000E+00  0.00000E+00  0.00000E+00
  0.00000E+00  0.00000E+00  0.00000E+00  0.00000E+00  0.00000E+00  0.00000E+00

 jn =   11
  0.00000E+00  0.00000E+00  0.00000E+00  0.00000E+00  0.00000E+00  0.00000E+00
  0.00000E+00  0.00000E+00  0.00000E+00  0.00000E+00  0.00000E+00  0.00000E+00
  0.00000E+00  0.00000E+00  0.00000E+00  0.00000E+00  0.00000E+00  0.00000E+00
  0.00000E+00  0.00000E+00  0.00000E+00  0.00000E+00  0.00000E+00  0.00000E+00
  0.00000E+00  0.00000E+00  0.00000E+00  0.00000E+00  0.00000E+00  0.00000E+00
  0.00000E+00  0.00000E+00  0.00000E+00  0.00000E+00  0.00000E+00  0.00000E+00
  0.00000E+00  0.00000E+00  0.00000E+00  0.00000E+00  0.00000E+00  0.00000E+00
  0.00000E+00  0.00000E+00  0.00000E+00  0.00000E+00  0.00000E+00  0.00000E+00
  0.00000E+00  0.00000E+00  0.00000E+00  0.00000E+00  0.00000E+00  0.00000E+00
  0.00000E+00  0.00000E+00  0.00000E+00  0.00000E+00  0.00000E+00  0.00000E+00

 jn =   12
  0.00000E+00  0.00000E+00  0.00000E+00  0.00000E+00  0.00000E+00  0.00000E+00
  0.00000E+00  0.00000E+00  0.00000E+00  0.00000E+00  0.00000E+00  0.00000E+00
  0.00000E+00  0.00000E+00  0.00000E+00  0.00000E+00  0.00000E+00  0.00000E+00
  0.00000E+00  0.00000E+00  0.00000E+00  0.00000E+00  0.00000E+00  0.00000E+00
  0.00000E+00  0.00000E+00  0.00000E+00  0.00000E+00  0.00000E+00  0.00000E+00
  0.00000E+00  0.00000E+00  0.00000E+00  0.00000E+00  0.00000E+00  0.00000E+00
  0.00000E+00  0.00000E+00  0.00000E+00  0.00000E+00  0.00000E+00  0.00000E+00
  0.00000E+00  0.00000E+00  0.00000E+00  0.00000E+00  0.00000E+00  0.00000E+00
  0.00000E+00  0.00000E+00  0.00000E+00  0.00000E+00  0.00000E+00  0.00000E+00
  0.00000E+00  0.00000E+00  0.00000E+00  0.00000E+00  0.00000E+00  0.00000E+00

 jn =   13
  0.00000E+00  0.00000E+00  0.00000E+00  0.00000E+00  0.00000E+00  0.00000E+00
  0.00000E+00  0.00000E+00  0.00000E+00  0.00000E+00  0.00000E+00  0.00000E+00
  0.00000E+00  0.00000E+00  0.00000E+00  0.00000E+00  0.00000E+00  0.00000E+00
  0.00000E+00  0.00000E+00  0.00000E+00  0.00000E+00  0.00000E+00  0.00000E+00
  0.00000E+00  0.00000E+00  0.00000E+00  0.00000E+00  0.00000E+00  0.00000E+00
  0.00000E+00  0.00000E+00  0.00000E+00  0.00000E+00  0.00000E+00  0.00000E+00
  0.00000E+00  0.00000E+00  0.00000E+00  0.00000E+00  0.00000E+00  0.00000E+00
  0.00000E+00  0.00000E+00  0.00000E+00  0.00000E+00  0.00000E+00  0.00000E+00
  0.00000E+00  0.00000E+00  0.00000E+00  0.00000E+00  0.00000E+00  0.00000E+00
  0.00000E+00  0.00000E+00  0.00000E+00  0.00000E+00  0.00000E+00  0.00000E+00

 jn =   14
  0.00000E+00  0.00000E+00  0.00000E+00  0.00000E+00  0.00000E+00  0.00000E+00
  0.00000E+00  0.00000E+00  0.00000E+00  0.00000E+00  0.00000E+00  0.00000E+00
  0.00000E+00  0.00000E+00  0.00000E+00  0.00000E+00  0.00000E+00  0.00000E+00
  0.00000E+00  0.00000E+00  0.00000E+00  0.00000E+00  0.00000E+00  0.00000E+00
  0.00000E+00  0.00000E+00  0.00000E+00  0.00000E+00  0.00000E+00  0.00000E+00
  0.00000E+00  0.00000E+00  0.00000E+00  0.00000E+00  0.00000E+00  0.00000E+00
  0.00000E+00  0.00000E+00  0.00000E+00  0.00000E+00  0.00000E+00  0.00000E+00
  0.00000E+00  0.00000E+00  0.00000E+00  0.00000E+00  0.00000E+00  0.00000E+00
  0.00000E+00  0.00000E+00  0.00000E+00  0.00000E+00  0.00000E+00  0.00000E+00
  0.00000E+00  0.00000E+00  0.00000E+00  0.00000E+00  0.00000E+00  0.00000E+00

 jn =   15
  0.00000E+00  0.00000E+00  0.00000E+00  0.00000E+00  0.00000E+00  0.00000E+00
  0.00000E+00  0.00000E+00  0.00000E+00  0.00000E+00  0.00000E+00  0.00000E+00
  0.00000E+00  0.00000E+00  0.00000E+00  0.00000E+00  0.00000E+00  0.00000E+00
  0.00000E+00  0.00000E+00  0.00000E+00  0.00000E+00  0.00000E+00  0.00000E+00
  0.00000E+00  0.00000E+00  0.00000E+00  0.00000E+00  0.00000E+00  0.00000E+00
  0.00000E+00  0.00000E+00  0.00000E+00  0.00000E+00  0.00000E+00  0.00000E+00
  0.00000E+00  0.00000E+00  0.00000E+00  0.00000E+00  0.00000E+00  0.00000E+00
  0.00000E+00  0.00000E+00  0.00000E+00  0.00000E+00  0.00000E+00  0.00000E+00
  0.00000E+00  0.00000E+00  0.00000E+00  0.00000E+00  0.00000E+00  0.00000E+00
  0.00000E+00  0.00000E+00  0.00000E+00  0.00000E+00  0.00000E+00  0.00000E+00

 H0 external source Rate(jt,jn) (s**-1)
 jn =   1
  0.00000E+00  0.00000E+00  0.00000E+00  0.00000E+00  0.00000E+00  0.00000E+00
  0.00000E+00  0.00000E+00  0.00000E+00  0.00000E+00  0.00000E+00  0.00000E+00
  0.00000E+00  0.00000E+00  0.00000E+00  0.00000E+00  0.00000E+00  0.00000E+00
  0.00000E+00  0.00000E+00  0.00000E+00  0.00000E+00  0.00000E+00  0.00000E+00
  0.00000E+00  0.00000E+00  0.00000E+00  0.00000E+00  0.00000E+00  0.00000E+00
  0.00000E+00  0.00000E+00  0.00000E+00  0.00000E+00  0.00000E+00  0.00000E+00
  0.00000E+00  0.00000E+00  0.00000E+00  0.00000E+00  0.00000E+00  0.00000E+00
  0.00000E+00  0.00000E+00  0.00000E+00  0.00000E+00  0.00000E+00  0.00000E+00
  0.00000E+00  0.00000E+00  0.00000E+00  0.00000E+00  0.00000E+00  0.00000E+00
  0.00000E+00  0.00000E+00  0.00000E+00  0.00000E+00  0.00000E+00  0.00000E+00

 jn =   2
  0.00000E+00  0.00000E+00  0.00000E+00  0.00000E+00  0.00000E+00  0.00000E+00
  0.00000E+00  0.00000E+00  0.00000E+00  0.00000E+00  0.00000E+00  0.00000E+00
  0.00000E+00  0.00000E+00  0.00000E+00  0.00000E+00  0.00000E+00  0.00000E+00
  0.00000E+00  0.00000E+00  0.00000E+00  0.00000E+00  0.00000E+00  0.00000E+00
  0.00000E+00  0.00000E+00  0.00000E+00  0.00000E+00  0.00000E+00  0.00000E+00
  0.00000E+00  0.00000E+00  0.00000E+00  0.00000E+00  0.00000E+00  0.00000E+00
  0.00000E+00  0.00000E+00  0.00000E+00  0.00000E+00  0.00000E+00  0.00000E+00
  0.00000E+00  0.00000E+00  0.00000E+00  0.00000E+00  0.00000E+00  0.00000E+00
  0.00000E+00  0.00000E+00  0.00000E+00  0.00000E+00  0.00000E+00  0.00000E+00
  0.00000E+00  0.00000E+00  0.00000E+00  0.00000E+00  0.00000E+00  0.00000E+00

 jn =   3
  0.00000E+00  0.00000E+00  0.00000E+00  0.00000E+00  0.00000E+00  0.00000E+00
  0.00000E+00  0.00000E+00  0.00000E+00  0.00000E+00  0.00000E+00  0.00000E+00
  0.00000E+00  0.00000E+00  0.00000E+00  0.00000E+00  0.00000E+00  0.00000E+00
  0.00000E+00  0.00000E+00  0.00000E+00  0.00000E+00  0.00000E+00  0.00000E+00
  0.00000E+00  0.00000E+00  0.00000E+00  0.00000E+00  0.00000E+00  0.00000E+00
  0.00000E+00  0.00000E+00  0.00000E+00  0.00000E+00  0.00000E+00  0.00000E+00
  0.00000E+00  0.00000E+00  0.00000E+00  0.00000E+00  0.00000E+00  0.00000E+00
  0.00000E+00  0.00000E+00  0.00000E+00  0.00000E+00  0.00000E+00  0.00000E+00
  0.00000E+00  0.00000E+00  0.00000E+00  0.00000E+00  0.00000E+00  0.00000E+00
  0.00000E+00  0.00000E+00  0.00000E+00  0.00000E+00  0.00000E+00  0.00000E+00

 jn =   4
  0.00000E+00  0.00000E+00  0.00000E+00  0.00000E+00  0.00000E+00  0.00000E+00
  0.00000E+00  0.00000E+00  0.00000E+00  0.00000E+00  0.00000E+00  0.00000E+00
  0.00000E+00  0.00000E+00  0.00000E+00  0.00000E+00  0.00000E+00  0.00000E+00
  0.00000E+00  0.00000E+00  0.00000E+00  0.00000E+00  0.00000E+00  0.00000E+00
  0.00000E+00  0.00000E+00  0.00000E+00  0.00000E+00  0.00000E+00  0.00000E+00
  0.00000E+00  0.00000E+00  0.00000E+00  0.00000E+00  0.00000E+00  0.00000E+00
  0.00000E+00  0.00000E+00  0.00000E+00  0.00000E+00  0.00000E+00  0.00000E+00
  0.00000E+00  0.00000E+00  0.00000E+00  0.00000E+00  0.00000E+00  0.00000E+00
  0.00000E+00  0.00000E+00  0.00000E+00  0.00000E+00  0.00000E+00  0.00000E+00
  0.00000E+00  0.00000E+00  0.00000E+00  0.00000E+00  0.00000E+00  0.00000E+00

 jn =   5
  0.00000E+00  0.00000E+00  0.00000E+00  0.00000E+00  0.00000E+00  0.00000E+00
  0.00000E+00  0.00000E+00  0.00000E+00  0.00000E+00  0.00000E+00  0.00000E+00
  0.00000E+00  0.00000E+00  0.00000E+00  0.00000E+00  0.00000E+00  0.00000E+00
  0.00000E+00  0.00000E+00  0.00000E+00  0.00000E+00  0.00000E+00  0.00000E+00
  0.00000E+00  0.00000E+00  0.00000E+00  0.00000E+00  0.00000E+00  0.00000E+00
  0.00000E+00  0.00000E+00  0.00000E+00  0.00000E+00  0.00000E+00  0.00000E+00
  0.00000E+00  0.00000E+00  0.00000E+00  0.00000E+00  0.00000E+00  0.00000E+00
  0.00000E+00  0.00000E+00  0.00000E+00  0.00000E+00  0.00000E+00  0.00000E+00
  0.00000E+00  0.00000E+00  0.00000E+00  0.00000E+00  0.00000E+00  0.00000E+00
  0.00000E+00  0.00000E+00  0.00000E+00  0.00000E+00  0.00000E+00  0.00000E+00

 jn =   6
  0.00000E+00  0.00000E+00  0.00000E+00  0.00000E+00  0.00000E+00  0.00000E+00
  0.00000E+00  0.00000E+00  0.00000E+00  0.00000E+00  0.00000E+00  0.00000E+00
  0.00000E+00  0.00000E+00  0.00000E+00  0.00000E+00  0.00000E+00  0.00000E+00
  0.00000E+00  0.00000E+00  0.00000E+00  0.00000E+00  0.00000E+00  0.00000E+00
  0.00000E+00  0.00000E+00  0.00000E+00  0.00000E+00  0.00000E+00  0.00000E+00
  0.00000E+00  0.00000E+00  0.00000E+00  0.00000E+00  0.00000E+00  0.00000E+00
  0.00000E+00  0.00000E+00  0.00000E+00  0.00000E+00  0.00000E+00  0.00000E+00
  0.00000E+00  0.00000E+00  0.00000E+00  0.00000E+00  0.00000E+00  0.00000E+00
  0.00000E+00  0.00000E+00  0.00000E+00  0.00000E+00  0.00000E+00  0.00000E+00
  0.00000E+00  0.00000E+00  0.00000E+00  0.00000E+00  0.00000E+00  0.00000E+00

 jn =   7
  0.00000E+00  0.00000E+00  0.00000E+00  0.00000E+00  0.00000E+00  0.00000E+00
  0.00000E+00  0.00000E+00  0.00000E+00  0.00000E+00  0.00000E+00  0.00000E+00
  0.00000E+00  0.00000E+00  0.00000E+00  0.00000E+00  0.00000E+00  0.00000E+00
  0.00000E+00  0.00000E+00  0.00000E+00  0.00000E+00  0.00000E+00  0.00000E+00
  0.00000E+00  0.00000E+00  0.00000E+00  0.00000E+00  0.00000E+00  0.00000E+00
  0.00000E+00  0.00000E+00  0.00000E+00  0.00000E+00  0.00000E+00  0.00000E+00
  0.00000E+00  0.00000E+00  0.00000E+00  0.00000E+00  0.00000E+00  0.00000E+00
  0.00000E+00  0.00000E+00  0.00000E+00  0.00000E+00  0.00000E+00  0.00000E+00
  0.00000E+00  0.00000E+00  0.00000E+00  0.00000E+00  0.00000E+00  0.00000E+00
  0.00000E+00  0.00000E+00  0.00000E+00  0.00000E+00  0.00000E+00  0.00000E+00

 jn =   8
  0.00000E+00  0.00000E+00  0.00000E+00  0.00000E+00  0.00000E+00  0.00000E+00
  0.00000E+00  0.00000E+00  0.00000E+00  0.00000E+00  0.00000E+00  0.00000E+00
  0.00000E+00  0.00000E+00  0.00000E+00  0.00000E+00  0.00000E+00  0.00000E+00
  0.00000E+00  0.00000E+00  0.00000E+00  0.00000E+00  0.00000E+00  0.00000E+00
  0.00000E+00  0.00000E+00  0.00000E+00  0.00000E+00  0.00000E+00  0.00000E+00
  0.00000E+00  0.00000E+00  0.00000E+00  0.00000E+00  0.00000E+00  0.00000E+00
  0.00000E+00  0.00000E+00  0.00000E+00  0.00000E+00  0.00000E+00  0.00000E+00
  0.00000E+00  0.00000E+00  0.00000E+00  0.00000E+00  0.00000E+00  0.00000E+00
  0.00000E+00  0.00000E+00  0.00000E+00  0.00000E+00  0.00000E+00  0.00000E+00
  0.00000E+00  0.00000E+00  0.00000E+00  0.00000E+00  0.00000E+00  0.00000E+00

 jn =   9
  0.00000E+00  0.00000E+00  0.00000E+00  0.00000E+00  0.00000E+00  0.00000E+00
  0.00000E+00  0.00000E+00  0.00000E+00  0.00000E+00  0.00000E+00  0.00000E+00
  0.00000E+00  0.00000E+00  0.00000E+00  0.00000E+00  0.00000E+00  0.00000E+00
  0.00000E+00  0.00000E+00  0.00000E+00  0.00000E+00  0.00000E+00  0.00000E+00
  0.00000E+00  0.00000E+00  0.00000E+00  0.00000E+00  0.00000E+00  0.00000E+00
  0.00000E+00  0.00000E+00  0.00000E+00  0.00000E+00  0.00000E+00  0.00000E+00
  0.00000E+00  0.00000E+00  0.00000E+00  0.00000E+00  0.00000E+00  0.00000E+00
  0.00000E+00  0.00000E+00  0.00000E+00  0.00000E+00  0.00000E+00  0.00000E+00
  0.00000E+00  0.00000E+00  0.00000E+00  0.00000E+00  0.00000E+00  0.00000E+00
  0.00000E+00  0.00000E+00  0.00000E+00  0.00000E+00  0.00000E+00  0.00000E+00

 jn =   10
  0.00000E+00  0.00000E+00  0.00000E+00  0.00000E+00  0.00000E+00  0.00000E+00
  0.00000E+00  0.00000E+00  0.00000E+00  0.00000E+00  0.00000E+00  0.00000E+00
  0.00000E+00  0.00000E+00  0.00000E+00  0.00000E+00  0.00000E+00  0.00000E+00
  0.00000E+00  0.00000E+00  0.00000E+00  0.00000E+00  0.00000E+00  0.00000E+00
  0.00000E+00  0.00000E+00  0.00000E+00  0.00000E+00  0.00000E+00  0.00000E+00
  0.00000E+00  0.00000E+00  0.00000E+00  0.00000E+00  0.00000E+00  0.00000E+00
  0.00000E+00  0.00000E+00  0.00000E+00  0.00000E+00  0.00000E+00  0.00000E+00
  0.00000E+00  0.00000E+00  0.00000E+00  0.00000E+00  0.00000E+00  0.00000E+00
  0.00000E+00  0.00000E+00  0.00000E+00  0.00000E+00  0.00000E+00  0.00000E+00
  0.00000E+00  0.00000E+00  0.00000E+00  0.00000E+00  0.00000E+00  0.00000E+00

 jn =   11
  0.00000E+00  0.00000E+00  0.00000E+00  0.00000E+00  0.00000E+00  0.00000E+00
  0.00000E+00  0.00000E+00  0.00000E+00  0.00000E+00  0.00000E+00  0.00000E+00
  0.00000E+00  0.00000E+00  0.00000E+00  0.00000E+00  0.00000E+00  0.00000E+00
  0.00000E+00  0.00000E+00  0.00000E+00  0.00000E+00  0.00000E+00  0.00000E+00
  0.00000E+00  0.00000E+00  0.00000E+00  0.00000E+00  0.00000E+00  0.00000E+00
  0.00000E+00  0.00000E+00  0.00000E+00  0.00000E+00  0.00000E+00  0.00000E+00
  0.00000E+00  0.00000E+00  0.00000E+00  0.00000E+00  0.00000E+00  0.00000E+00
  0.00000E+00  0.00000E+00  0.00000E+00  0.00000E+00  0.00000E+00  0.00000E+00
  0.00000E+00  0.00000E+00  0.00000E+00  0.00000E+00  0.00000E+00  0.00000E+00
  0.00000E+00  0.00000E+00  0.00000E+00  0.00000E+00  0.00000E+00  0.00000E+00

 jn =   12
  0.00000E+00  0.00000E+00  0.00000E+00  0.00000E+00  0.00000E+00  0.00000E+00
  0.00000E+00  0.00000E+00  0.00000E+00  0.00000E+00  0.00000E+00  0.00000E+00
  0.00000E+00  0.00000E+00  0.00000E+00  0.00000E+00  0.00000E+00  0.00000E+00
  0.00000E+00  0.00000E+00  0.00000E+00  0.00000E+00  0.00000E+00  0.00000E+00
  0.00000E+00  0.00000E+00  0.00000E+00  0.00000E+00  0.00000E+00  0.00000E+00
  0.00000E+00  0.00000E+00  0.00000E+00  0.00000E+00  0.00000E+00  0.00000E+00
  0.00000E+00  0.00000E+00  0.00000E+00  0.00000E+00  0.00000E+00  0.00000E+00
  0.00000E+00  0.00000E+00  0.00000E+00  0.00000E+00  0.00000E+00  0.00000E+00
  0.00000E+00  0.00000E+00  0.00000E+00  0.00000E+00  0.00000E+00  0.00000E+00
  0.00000E+00  0.00000E+00  0.00000E+00  0.00000E+00  0.00000E+00  0.00000E+00

 jn =   13
  0.00000E+00  0.00000E+00  0.00000E+00  0.00000E+00  0.00000E+00  0.00000E+00
  0.00000E+00  0.00000E+00  0.00000E+00  0.00000E+00  0.00000E+00  0.00000E+00
  0.00000E+00  0.00000E+00  0.00000E+00  0.00000E+00  0.00000E+00  0.00000E+00
  0.00000E+00  0.00000E+00  0.00000E+00  0.00000E+00  0.00000E+00  0.00000E+00
  0.00000E+00  0.00000E+00  0.00000E+00  0.00000E+00  0.00000E+00  0.00000E+00
  0.00000E+00  0.00000E+00  0.00000E+00  0.00000E+00  0.00000E+00  0.00000E+00
  0.00000E+00  0.00000E+00  0.00000E+00  0.00000E+00  0.00000E+00  0.00000E+00
  0.00000E+00  0.00000E+00  0.00000E+00  0.00000E+00  0.00000E+00  0.00000E+00
  0.00000E+00  0.00000E+00  0.00000E+00  0.00000E+00  0.00000E+00  0.00000E+00
  0.00000E+00  0.00000E+00  0.00000E+00  0.00000E+00  0.00000E+00  0.00000E+00

 jn =   14
  0.00000E+00  0.00000E+00  0.00000E+00  0.00000E+00  0.00000E+00  0.00000E+00
  0.00000E+00  0.00000E+00  0.00000E+00  0.00000E+00  0.00000E+00  0.00000E+00
  0.00000E+00  0.00000E+00  0.00000E+00  0.00000E+00  0.00000E+00  0.00000E+00
  0.00000E+00  0.00000E+00  0.00000E+00  0.00000E+00  0.00000E+00  0.00000E+00
  0.00000E+00  0.00000E+00  0.00000E+00  0.00000E+00  0.00000E+00  0.00000E+00
  0.00000E+00  0.00000E+00  0.00000E+00  0.00000E+00  0.00000E+00  0.00000E+00
  0.00000E+00  0.00000E+00  0.00000E+00  0.00000E+00  0.00000E+00  0.00000E+00
  0.00000E+00  0.00000E+00  0.00000E+00  0.00000E+00  0.00000E+00  0.00000E+00
  0.00000E+00  0.00000E+00  0.00000E+00  0.00000E+00  0.00000E+00  0.00000E+00
  0.00000E+00  0.00000E+00  0.00000E+00  0.00000E+00  0.00000E+00  0.00000E+00

 jn =   15
  0.00000E+00  0.00000E+00  0.00000E+00  0.00000E+00  0.00000E+00  0.00000E+00
  0.00000E+00  0.00000E+00  0.00000E+00  0.00000E+00  0.00000E+00  0.00000E+00
  0.00000E+00  0.00000E+00  0.00000E+00  0.00000E+00  0.00000E+00  0.00000E+00
  0.00000E+00  0.00000E+00  0.00000E+00  0.00000E+00  0.00000E+00  0.00000E+00
  0.00000E+00  0.00000E+00  0.00000E+00  0.00000E+00  0.00000E+00  0.00000E+00
  0.00000E+00  0.00000E+00  0.00000E+00  0.00000E+00  0.00000E+00  0.00000E+00
  0.00000E+00  0.00000E+00  0.00000E+00  0.00000E+00  0.00000E+00  0.00000E+00
  0.00000E+00  0.00000E+00  0.00000E+00  0.00000E+00  0.00000E+00  0.00000E+00
  0.00000E+00  0.00000E+00  0.00000E+00  0.00000E+00  0.00000E+00  0.00000E+00
  0.00000E+00  0.00000E+00  0.00000E+00  0.00000E+00  0.00000E+00  0.00000E+00

 H2 external source Rate(jt,jn) (s**-1)
 jn =   1
  0.00000E+00  0.00000E+00  0.00000E+00  0.00000E+00  0.00000E+00  0.00000E+00
  0.00000E+00  0.00000E+00  0.00000E+00  0.00000E+00  0.00000E+00  0.00000E+00
  0.00000E+00  0.00000E+00  0.00000E+00  0.00000E+00  0.00000E+00  0.00000E+00
  0.00000E+00  0.00000E+00  0.00000E+00  0.00000E+00  0.00000E+00  0.00000E+00
  0.00000E+00  0.00000E+00  0.00000E+00  0.00000E+00  0.00000E+00  0.00000E+00
  0.00000E+00  0.00000E+00  0.00000E+00  0.00000E+00  0.00000E+00  0.00000E+00
  0.00000E+00  0.00000E+00  0.00000E+00  0.00000E+00  0.00000E+00  0.00000E+00
  0.00000E+00  0.00000E+00  0.00000E+00  0.00000E+00  0.00000E+00  0.00000E+00
  0.00000E+00  0.00000E+00  0.00000E+00  0.00000E+00  0.00000E+00  0.00000E+00
  0.00000E+00  0.00000E+00  0.00000E+00  0.00000E+00  0.00000E+00  0.00000E+00

 jn =   2
  0.00000E+00  0.00000E+00  0.00000E+00  0.00000E+00  0.00000E+00  0.00000E+00
  0.00000E+00  0.00000E+00  0.00000E+00  0.00000E+00  0.00000E+00  0.00000E+00
  0.00000E+00  0.00000E+00  0.00000E+00  0.00000E+00  0.00000E+00  0.00000E+00
  0.00000E+00  0.00000E+00  0.00000E+00  0.00000E+00  0.00000E+00  0.00000E+00
  0.00000E+00  0.00000E+00  0.00000E+00  0.00000E+00  0.00000E+00  0.00000E+00
  0.00000E+00  0.00000E+00  0.00000E+00  0.00000E+00  0.00000E+00  0.00000E+00
  0.00000E+00  0.00000E+00  0.00000E+00  0.00000E+00  0.00000E+00  0.00000E+00
  0.00000E+00  0.00000E+00  0.00000E+00  0.00000E+00  0.00000E+00  0.00000E+00
  0.00000E+00  0.00000E+00  0.00000E+00  0.00000E+00  0.00000E+00  0.00000E+00
  0.00000E+00  0.00000E+00  0.00000E+00  0.00000E+00  0.00000E+00  0.00000E+00

 jn =   3
  0.00000E+00  0.00000E+00  0.00000E+00  0.00000E+00  0.00000E+00  0.00000E+00
  0.00000E+00  0.00000E+00  0.00000E+00  0.00000E+00  0.00000E+00  0.00000E+00
  0.00000E+00  0.00000E+00  0.00000E+00  0.00000E+00  0.00000E+00  0.00000E+00
  0.00000E+00  0.00000E+00  0.00000E+00  0.00000E+00  0.00000E+00  0.00000E+00
  0.00000E+00  0.00000E+00  0.00000E+00  0.00000E+00  0.00000E+00  0.00000E+00
  0.00000E+00  0.00000E+00  0.00000E+00  0.00000E+00  0.00000E+00  0.00000E+00
  0.00000E+00  0.00000E+00  0.00000E+00  0.00000E+00  0.00000E+00  0.00000E+00
  0.00000E+00  0.00000E+00  0.00000E+00  0.00000E+00  0.00000E+00  0.00000E+00
  0.00000E+00  0.00000E+00  0.00000E+00  0.00000E+00  0.00000E+00  0.00000E+00
  0.00000E+00  0.00000E+00  0.00000E+00  0.00000E+00  0.00000E+00  0.00000E+00

 jn =   4
  0.00000E+00  0.00000E+00  0.00000E+00  0.00000E+00  0.00000E+00  0.00000E+00
  0.00000E+00  0.00000E+00  0.00000E+00  0.00000E+00  0.00000E+00  0.00000E+00
  0.00000E+00  0.00000E+00  0.00000E+00  0.00000E+00  0.00000E+00  0.00000E+00
  0.00000E+00  0.00000E+00  0.00000E+00  0.00000E+00  0.00000E+00  0.00000E+00
  0.00000E+00  0.00000E+00  0.00000E+00  0.00000E+00  0.00000E+00  0.00000E+00
  0.00000E+00  0.00000E+00  0.00000E+00  0.00000E+00  0.00000E+00  0.00000E+00
  0.00000E+00  0.00000E+00  0.00000E+00  0.00000E+00  0.00000E+00  0.00000E+00
  0.00000E+00  0.00000E+00  0.00000E+00  0.00000E+00  0.00000E+00  0.00000E+00
  0.00000E+00  0.00000E+00  0.00000E+00  0.00000E+00  0.00000E+00  0.00000E+00
  0.00000E+00  0.00000E+00  0.00000E+00  0.00000E+00  0.00000E+00  0.00000E+00

 jn =   5
  0.00000E+00  0.00000E+00  0.00000E+00  0.00000E+00  0.00000E+00  0.00000E+00
  0.00000E+00  0.00000E+00  0.00000E+00  0.00000E+00  0.00000E+00  0.00000E+00
  0.00000E+00  0.00000E+00  0.00000E+00  0.00000E+00  0.00000E+00  0.00000E+00
  0.00000E+00  0.00000E+00  0.00000E+00  0.00000E+00  0.00000E+00  0.00000E+00
  0.00000E+00  0.00000E+00  0.00000E+00  0.00000E+00  0.00000E+00  0.00000E+00
  0.00000E+00  0.00000E+00  0.00000E+00  0.00000E+00  0.00000E+00  0.00000E+00
  0.00000E+00  0.00000E+00  0.00000E+00  0.00000E+00  0.00000E+00  0.00000E+00
  0.00000E+00  0.00000E+00  0.00000E+00  0.00000E+00  0.00000E+00  0.00000E+00
  0.00000E+00  0.00000E+00  0.00000E+00  0.00000E+00  0.00000E+00  0.00000E+00
  0.00000E+00  0.00000E+00  0.00000E+00  0.00000E+00  0.00000E+00  0.00000E+00

 jn =   6
  0.00000E+00  0.00000E+00  0.00000E+00  0.00000E+00  0.00000E+00  0.00000E+00
  0.00000E+00  0.00000E+00  0.00000E+00  0.00000E+00  0.00000E+00  0.00000E+00
  0.00000E+00  0.00000E+00  0.00000E+00  0.00000E+00  0.00000E+00  0.00000E+00
  0.00000E+00  0.00000E+00  0.00000E+00  0.00000E+00  0.00000E+00  0.00000E+00
  0.00000E+00  0.00000E+00  0.00000E+00  0.00000E+00  0.00000E+00  0.00000E+00
  0.00000E+00  0.00000E+00  0.00000E+00  0.00000E+00  0.00000E+00  0.00000E+00
  0.00000E+00  0.00000E+00  0.00000E+00  0.00000E+00  0.00000E+00  0.00000E+00
  0.00000E+00  0.00000E+00  0.00000E+00  0.00000E+00  0.00000E+00  0.00000E+00
  0.00000E+00  0.00000E+00  0.00000E+00  0.00000E+00  0.00000E+00  0.00000E+00
  0.00000E+00  0.00000E+00  0.00000E+00  0.00000E+00  0.00000E+00  0.00000E+00

 jn =   7
  0.00000E+00  0.00000E+00  0.00000E+00  0.00000E+00  0.00000E+00  0.00000E+00
  0.00000E+00  0.00000E+00  0.00000E+00  0.00000E+00  0.00000E+00  0.00000E+00
  0.00000E+00  0.00000E+00  0.00000E+00  0.00000E+00  0.00000E+00  0.00000E+00
  0.00000E+00  0.00000E+00  0.00000E+00  0.00000E+00  0.00000E+00  0.00000E+00
  0.00000E+00  0.00000E+00  0.00000E+00  0.00000E+00  0.00000E+00  0.00000E+00
  0.00000E+00  0.00000E+00  0.00000E+00  0.00000E+00  0.00000E+00  0.00000E+00
  0.00000E+00  0.00000E+00  0.00000E+00  0.00000E+00  0.00000E+00  0.00000E+00
  0.00000E+00  0.00000E+00  0.00000E+00  0.00000E+00  0.00000E+00  0.00000E+00
  0.00000E+00  0.00000E+00  0.00000E+00  0.00000E+00  0.00000E+00  0.00000E+00
  0.00000E+00  0.00000E+00  0.00000E+00  0.00000E+00  0.00000E+00  0.00000E+00

 jn =   8
  0.00000E+00  0.00000E+00  0.00000E+00  0.00000E+00  0.00000E+00  0.00000E+00
  0.00000E+00  0.00000E+00  0.00000E+00  0.00000E+00  0.00000E+00  0.00000E+00
  0.00000E+00  0.00000E+00  0.00000E+00  0.00000E+00  0.00000E+00  0.00000E+00
  0.00000E+00  0.00000E+00  0.00000E+00  0.00000E+00  0.00000E+00  0.00000E+00
  0.00000E+00  0.00000E+00  0.00000E+00  0.00000E+00  0.00000E+00  0.00000E+00
  0.00000E+00  0.00000E+00  0.00000E+00  0.00000E+00  0.00000E+00  0.00000E+00
  0.00000E+00  0.00000E+00  0.00000E+00  0.00000E+00  0.00000E+00  0.00000E+00
  0.00000E+00  0.00000E+00  0.00000E+00  0.00000E+00  0.00000E+00  0.00000E+00
  0.00000E+00  0.00000E+00  0.00000E+00  0.00000E+00  0.00000E+00  0.00000E+00
  0.00000E+00  0.00000E+00  0.00000E+00  0.00000E+00  0.00000E+00  0.00000E+00

 jn =   9
  0.00000E+00  0.00000E+00  0.00000E+00  0.00000E+00  0.00000E+00  0.00000E+00
  0.00000E+00  0.00000E+00  0.00000E+00  0.00000E+00  0.00000E+00  0.00000E+00
  0.00000E+00  0.00000E+00  0.00000E+00  0.00000E+00  0.00000E+00  0.00000E+00
  0.00000E+00  0.00000E+00  0.00000E+00  0.00000E+00  0.00000E+00  0.00000E+00
  0.00000E+00  0.00000E+00  0.00000E+00  0.00000E+00  0.00000E+00  0.00000E+00
  0.00000E+00  0.00000E+00  0.00000E+00  0.00000E+00  0.00000E+00  0.00000E+00
  0.00000E+00  0.00000E+00  0.00000E+00  0.00000E+00  0.00000E+00  0.00000E+00
  0.00000E+00  0.00000E+00  0.00000E+00  0.00000E+00  0.00000E+00  0.00000E+00
  0.00000E+00  0.00000E+00  0.00000E+00  0.00000E+00  0.00000E+00  0.00000E+00
  0.00000E+00  0.00000E+00  0.00000E+00  0.00000E+00  0.00000E+00  0.00000E+00

 jn =   10
  0.00000E+00  0.00000E+00  0.00000E+00  0.00000E+00  0.00000E+00  0.00000E+00
  0.00000E+00  0.00000E+00  0.00000E+00  0.00000E+00  0.00000E+00  0.00000E+00
  0.00000E+00  0.00000E+00  0.00000E+00  0.00000E+00  0.00000E+00  0.00000E+00
  0.00000E+00  0.00000E+00  0.00000E+00  0.00000E+00  0.00000E+00  0.00000E+00
  0.00000E+00  0.00000E+00  0.00000E+00  0.00000E+00  0.00000E+00  0.00000E+00
  0.00000E+00  0.00000E+00  0.00000E+00  0.00000E+00  0.00000E+00  0.00000E+00
  0.00000E+00  0.00000E+00  0.00000E+00  0.00000E+00  0.00000E+00  0.00000E+00
  0.00000E+00  0.00000E+00  0.00000E+00  0.00000E+00  0.00000E+00  0.00000E+00
  0.00000E+00  0.00000E+00  0.00000E+00  0.00000E+00  0.00000E+00  0.00000E+00
  0.00000E+00  0.00000E+00  0.00000E+00  0.00000E+00  0.00000E+00  0.00000E+00

 jn =   11
  0.00000E+00  0.00000E+00  0.00000E+00  0.00000E+00  0.00000E+00  0.00000E+00
  0.00000E+00  0.00000E+00  0.00000E+00  0.00000E+00  0.00000E+00  0.00000E+00
  0.00000E+00  0.00000E+00  0.00000E+00  0.00000E+00  0.00000E+00  0.00000E+00
  0.00000E+00  0.00000E+00  0.00000E+00  0.00000E+00  0.00000E+00  0.00000E+00
  0.00000E+00  0.00000E+00  0.00000E+00  0.00000E+00  0.00000E+00  0.00000E+00
  0.00000E+00  0.00000E+00  0.00000E+00  0.00000E+00  0.00000E+00  0.00000E+00
  0.00000E+00  0.00000E+00  0.00000E+00  0.00000E+00  0.00000E+00  0.00000E+00
  0.00000E+00  0.00000E+00  0.00000E+00  0.00000E+00  0.00000E+00  0.00000E+00
  0.00000E+00  0.00000E+00  0.00000E+00  0.00000E+00  0.00000E+00  0.00000E+00
  0.00000E+00  0.00000E+00  0.00000E+00  0.00000E+00  0.00000E+00  0.00000E+00

 jn =   12
  0.00000E+00  0.00000E+00  0.00000E+00  0.00000E+00  0.00000E+00  0.00000E+00
  0.00000E+00  0.00000E+00  0.00000E+00  0.00000E+00  0.00000E+00  0.00000E+00
  0.00000E+00  0.00000E+00  0.00000E+00  0.00000E+00  0.00000E+00  0.00000E+00
  0.00000E+00  0.00000E+00  0.00000E+00  0.00000E+00  0.00000E+00  0.00000E+00
  0.00000E+00  0.00000E+00  0.00000E+00  0.00000E+00  0.00000E+00  0.00000E+00
  0.00000E+00  0.00000E+00  0.00000E+00  0.00000E+00  0.00000E+00  0.00000E+00
  0.00000E+00  0.00000E+00  0.00000E+00  0.00000E+00  0.00000E+00  0.00000E+00
  0.00000E+00  0.00000E+00  0.00000E+00  0.00000E+00  0.00000E+00  0.00000E+00
  0.00000E+00  0.00000E+00  0.00000E+00  0.00000E+00  0.00000E+00  0.00000E+00
  0.00000E+00  0.00000E+00  0.00000E+00  0.00000E+00  0.00000E+00  0.00000E+00

 jn =   13
  0.00000E+00  0.00000E+00  0.00000E+00  0.00000E+00  0.00000E+00  0.00000E+00
  0.00000E+00  0.00000E+00  0.00000E+00  0.00000E+00  0.00000E+00  0.00000E+00
  0.00000E+00  0.00000E+00  0.00000E+00  0.00000E+00  0.00000E+00  0.00000E+00
  0.00000E+00  0.00000E+00  0.00000E+00  0.00000E+00  0.00000E+00  0.00000E+00
  0.00000E+00  0.00000E+00  0.00000E+00  0.00000E+00  0.00000E+00  0.00000E+00
  0.00000E+00  0.00000E+00  0.00000E+00  0.00000E+00  0.00000E+00  0.00000E+00
  0.00000E+00  0.00000E+00  0.00000E+00  0.00000E+00  0.00000E+00  0.00000E+00
  0.00000E+00  0.00000E+00  0.00000E+00  0.00000E+00  0.00000E+00  0.00000E+00
  0.00000E+00  0.00000E+00  0.00000E+00  0.00000E+00  0.00000E+00  0.00000E+00
  0.00000E+00  0.00000E+00  0.00000E+00  0.00000E+00  0.00000E+00  0.00000E+00

 jn =   14
  0.00000E+00  0.00000E+00  0.00000E+00  0.00000E+00  0.00000E+00  0.00000E+00
  0.00000E+00  0.00000E+00  0.00000E+00  0.00000E+00  0.00000E+00  0.00000E+00
  0.00000E+00  0.00000E+00  0.00000E+00  0.00000E+00  0.00000E+00  0.00000E+00
  0.00000E+00  0.00000E+00  0.00000E+00  0.00000E+00  0.00000E+00  0.00000E+00
  0.00000E+00  0.00000E+00  0.00000E+00  0.00000E+00  0.00000E+00  0.00000E+00
  0.00000E+00  0.00000E+00  0.00000E+00  0.00000E+00  0.00000E+00  0.00000E+00
  0.00000E+00  0.00000E+00  0.00000E+00  0.00000E+00  0.00000E+00  0.00000E+00
  0.00000E+00  0.00000E+00  0.00000E+00  0.00000E+00  0.00000E+00  0.00000E+00
  0.00000E+00  0.00000E+00  0.00000E+00  0.00000E+00  0.00000E+00  0.00000E+00
  0.00000E+00  0.00000E+00  0.00000E+00  0.00000E+00  0.00000E+00  0.00000E+00

 jn =   15
  0.00000E+00  0.00000E+00  0.00000E+00  0.00000E+00  0.00000E+00  0.00000E+00
  0.00000E+00  0.00000E+00  0.00000E+00  0.00000E+00  0.00000E+00  0.00000E+00
  0.00000E+00  0.00000E+00  0.00000E+00  0.00000E+00  0.00000E+00  0.00000E+00
  0.00000E+00  0.00000E+00  0.00000E+00  0.00000E+00  0.00000E+00  0.00000E+00
  0.00000E+00  0.00000E+00  0.00000E+00  0.00000E+00  0.00000E+00  0.00000E+00
  0.00000E+00  0.00000E+00  0.00000E+00  0.00000E+00  0.00000E+00  0.00000E+00
  0.00000E+00  0.00000E+00  0.00000E+00  0.00000E+00  0.00000E+00  0.00000E+00
  0.00000E+00  0.00000E+00  0.00000E+00  0.00000E+00  0.00000E+00  0.00000E+00
  0.00000E+00  0.00000E+00  0.00000E+00  0.00000E+00  0.00000E+00  0.00000E+00
  0.00000E+00  0.00000E+00  0.00000E+00  0.00000E+00  0.00000E+00  0.00000E+00

